10.285564 6.952230 16.008560
10.831606 6.845157 16.183867
9.868012 6.812576 15.774592
8.440051 6.980756 15.073665
11.118032 7.444822 16.406714
12.233482 8.097832 17.101134
8.644723 5.610790 14.615239
8.554993 6.756000 14.692610
10.980625 8.247402 16.492350
10.140346 7.982447 15.917122
9.983200 7.356421 15.463266
11.664192 8.207111 16.713585
-10.979450 3.552172 2.327864
-15.972036 3.486270 0.074064
-16.287677 3.298445 -0.432330
-16.460319 3.076390 -0.809598
-16.525099 2.793244 -1.067455
-16.695106 2.580294 -1.503193
-16.603852 2.316013 -1.777349
-16.315968 1.986820 -1.718972
-16.027006 1.810065 -1.771560
-15.784508 1.599071 -1.832493
-15.599594 1.302141 -1.812921
-15.331524 1.040178 -1.791670
-15.090584 0.793558 -1.879895
-14.867611 0.578794 -1.946932
-14.578335 0.320922 -1.909088
-14.372981 0.042698 -1.985664
-14.152846 -0.196068 -2.056654
-13.929263 -0.403101 -2.084399
-13.667644 -0.643750 -2.045075
-13.440723 -0.948845 -2.077532
-13.188783 -1.181106 -2.144252
-13.070402 -1.415615 -2.289147
-12.788289 -1.657309 -2.268889
-12.529086 -1.935054 -2.289644
-12.351233 -2.171662 -2.371579
-12.143926 -2.386387 -2.399630
-11.948953 -2.633405 -2.412968
-11.737346 -2.900908 -2.383239
-11.567716 -3.193622 -2.464768
-11.455986 -3.500968 -2.566353
-11.461700 -3.825021 -2.749617
-11.246243 -4.110595 -2.691358
-11.063499 -4.418443 -2.680552
-10.985813 -4.759956 -2.736936
-10.924957 -5.134065 -2.817921
-10.869280 -5.544682 -2.879045
-10.585581 -5.845731 -2.780464
-10.282512 -6.156437 -2.742770
-10.078524 -6.421912 -2.744448
-9.965659 -6.707064 -2.773496
-9.566893 -6.857072 -2.643237
-8.999085 -6.934604 -2.353778
-8.554426 -7.068276 -2.203608
-8.212210 -7.200730 -2.173562
-7.922184 -7.321915 -2.154381
-7.719855 -7.419838 -2.171712
-7.366683 -7.513234 -2.127417
-7.002883 -7.577619 -2.080473
-6.816916 -7.744304 -2.158246
-6.628709 -7.899884 -2.254306
-6.369553 -8.061608 -2.285966
-6.134106 -8.272848 -2.348864
-5.968150 -8.500972 -2.489042
-5.771074 -8.661190 -2.579709
-5.620937 -8.841305 -2.687679
-5.436344 -9.019588 -2.755267
-5.177651 -9.185649 -2.817393
-5.022087 -9.437095 -2.939185
-4.704826 -9.464873 -2.916261
-4.637407 -9.771519 -3.160612
-4.489460 -9.996866 -3.289011
-4.284563 -10.206389 -3.373288
-4.148470 -10.456311 -3.476203
-3.982567 -10.686353 -3.563103
-3.778873 -10.860131 -3.583382
-3.634599 -11.062323 -3.592260
-3.433587 -11.223244 -3.605630
-3.216240 -11.391194 -3.624167
-3.042144 -11.646029 -3.677336
-2.909818 -11.895907 -3.809140
-2.721011 -12.064999 -3.851260
-2.485304 -12.203455 -3.814277
-2.282794 -12.387560 -3.847056
-2.113638 -12.624863 -3.915648
-1.987923 -12.882876 -4.019129
-1.803769 -13.066202 -4.064965
-1.621779 -13.221606 -4.037647
-1.525810 -13.465779 -4.135639
-1.323664 -13.594929 -4.114412
-1.127731 -13.802195 -4.161267
-0.974042 -14.024577 -4.231245
-0.823910 -14.254423 -4.328635
-0.672385 -14.435961 -4.406463
-0.491704 -14.614055 -4.416848
-0.282569 -14.761335 -4.431397
-0.055146 -14.911213 -4.422563
0.046909 -15.206048 -4.561243
0.198132 -15.399565 -4.608598
0.357483 -15.583263 -4.654107
0.499886 -15.759715 -4.672809
0.657470 -15.916591 -4.700476
0.828139 -16.100535 -4.738485
1.015895 -16.276398 -4.790805
1.164111 -16.490650 -4.830635
1.307374 -16.718569 -4.950743
1.505564 -16.854347 -4.938455
1.630183 -17.053039 -5.020359
2.042844 -17.196194 -5.072452
2.364922 -17.580637 -5.194611
2.665429 -17.952226 -5.264421
2.944992 -18.306058 -5.335048
3.257992 -18.694055 -5.468320
3.420730 -19.063176 -5.489750
3.443485 -19.289882 -5.715912
3.792772 -19.273871 -5.462358
3.896119 -19.547023 -5.611436
4.043937 -19.763530 -5.703112
4.297686 -19.883794 -5.704216
4.604290 -19.920299 -5.614234
4.820916 -20.034526 -5.537927
5.426345 -19.860961 -5.231375
5.774138 -19.880810 -5.067094
6.048984 -19.898041 -5.006030
6.349932 -20.027466 -5.000646
7.917912 -17.429758 -2.324718
