-3 -3 356.737231 291.392022
-2 -3 342.272908 299.226149
-1 -3 325.965004 308.058791
0 -3 309.890457 316.765043
1 -3 293.683340 325.543097
2 -3 276.913671 334.625839
3 -3 262.135499 342.629953
-3 -2 370.555200 301.434924
-2 -2 355.940412 309.520850
-1 -2 339.777582 318.463263
0 -2 323.554980 327.438746
1 -2 307.344565 336.407485
2 -2 290.425360 345.768378
3 -2 275.555625 353.995359
-3 -1 385.159090 312.049034
-2 -1 370.378496 320.395971
-1 -1 354.355716 329.444398
0 -1 337.969334 338.698160
1 -1 321.745488 347.860134
2 -1 304.661147 357.508050
3 -1 289.687831 365.963821
-3 0 399.163649 322.227549
-2 0 384.516476 331.045046
-1 0 368.933957 340.425614
0 0 352.695438 350.201089
1 0 336.755248 359.796973
2 0 319.808040 369.999074
3 0 304.987457 378.920963
-3 1 414.484147 333.362490
-2 1 399.514934 342.342254
-1 1 383.907708 351.704751
0 1 367.342244 361.642078
1 1 351.229419 371.307874
2 1 333.958507 381.668386
3 1 318.898841 390.702412
-3 2 429.624261 344.366328
-2 2 414.653036 353.744646
-1 2 399.345648 363.333544
0 2 382.786926 373.706307
1 2 366.821217 383.707593
2 2 349.550430 394.526409
3 2 334.526758 403.937581
-3 3 444.666237 355.298838
-2 3 429.701122 365.079235
-1 3 414.688479 374.890695
0 3 398.144820 385.702744
1 3 382.328048 396.039739
2 3 365.065880 407.321367
3 3 350.083884 417.112797
