0.556641 0.804167 0.489724 0.799425
0.597656 0.808333 0.533287 0.804466
0.699219 0.247917 0.673768 0.258518
0.722656 0.368750 0.685205 0.386178
0.683594 0.285417 0.656018 0.293998
0.779297 0.395833 0.734579 0.425818
0.564453 0.868750 0.491525 0.866911
0.728516 0.291667 0.696385 0.310165
0.742188 0.331250 0.706245 0.350102
0.355469 0.847917 0.268759 0.841690
0.792969 0.789583 0.716797 0.820224
0.734375 0.427083 0.691326 0.446763
0.779297 0.345833 0.738558 0.375398
0.523438 0.614583 0.473393 0.602703
0.320312 0.658333 0.250343 0.644557
0.564453 0.618750 0.516956 0.607689
0.609375 0.868750 0.539708 0.868135
0.683594 0.458333 0.642714 0.466717
0.673828 0.400000 0.638204 0.406394
0.791016 0.725000 0.720122 0.758299
0.281250 0.654167 0.208854 0.639853
0.769531 0.429167 0.724016 0.455693
0.875000 0.672917 0.800617 0.723929
0.755859 0.533333 0.702207 0.559086
0.664062 0.183333 0.645864 0.186852
0.312500 0.595833 0.248827 0.579739
0.314453 0.843750 0.225212 0.837218
0.720703 0.460417 0.676922 0.475996
0.339844 0.970833 0.239127 0.968842
0.396484 0.625000 0.336221 0.611188
0.271484 0.593750 0.204588 0.576599
0.306641 0.793750 0.221660 0.784146
0.740234 0.222917 0.713572 0.241865
0.730469 0.150000 0.709161 0.167880
0.851562 0.487500 0.793603 0.532701
0.816406 0.245833 0.780667 0.282488
0.652344 0.241667 0.631046 0.242292
0.638672 0.302083 0.614167 0.299328
0.761719 0.177083 0.735461 0.201687
0.917969 0.866667 0.826370 0.925647
0.414062 0.412500 0.373651 0.394550
0.294922 0.422917 0.244821 0.403399
0.875000 0.306250 0.829209 0.355392
0.419922 0.450000 0.375973 0.433720
0.625000 0.360417 0.597570 0.354601
0.505859 0.458333 0.467390 0.443892
0.611328 0.418750 0.580717 0.409922
0.599609 0.477083 0.565981 0.465109
0.669922 0.491667 0.628765 0.496167
0.681641 0.333333 0.650643 0.340693
0.712891 0.677083 0.655062 0.689139
0.791016 0.658333 0.726892 0.689115
0.347656 0.802083 0.264952 0.793382
0.509766 0.420833 0.475564 0.405002
0.875000 0.602083 0.807597 0.651555
0.707031 0.712500 0.646340 0.724706
0.880859 0.566667 0.816366 0.616385
0.863281 0.418750 0.810889 0.464805
0.871094 0.370833 0.820796 0.419188
0.824219 0.847917 0.743249 0.885597
0.740234 0.902083 0.662653 0.921348
0.378906 0.431250 0.333864 0.413561
0.789062 0.210417 0.758108 0.240866
0.847656 0.272917 0.806798 0.316164
0.714844 0.785417 0.647043 0.800215
0.353516 0.764583 0.275588 0.753185
0.679688 0.589583 0.629232 0.597181
0.251953 0.289583 0.204344 0.274803
0.796875 0.620833 0.735699 0.651674
0.832031 0.918750 0.744038 0.959244
0.386719 0.952083 0.292037 0.948527
0.462891 0.752083 0.395192 0.741584
0.257812 0.327083 0.206597 0.313530
0.220703 0.404167 0.166739 0.382848
0.271484 0.389583 0.223957 0.365994
0.701172 0.116667 0.684639 0.128183
0.365234 0.625000 0.301955 0.610636
0.447266 0.629167 0.389671 0.616333
0.236328 0.562500 0.170247 0.542265
0.310547 0.389583 0.265873 0.367645
0.656250 0.137500 0.642382 0.139969
0.478516 0.912500 0.396209 0.907858
0.216797 0.491667 0.157131 0.468830
0.279297 0.175000 0.238041 0.166274
0.230469 0.443750 0.172528 0.424092
0.283203 0.210417 0.238536 0.202675
0.398438 0.816667 0.317937 0.809754
0.287109 0.472917 0.231677 0.453350
0.355469 0.397917 0.313264 0.376364
0.478516 0.404167 0.444513 0.385516
0.531250 0.491667 0.492370 0.477546
0.449219 0.485417 0.405034 0.470016
0.326172 0.475000 0.273768 0.456844
0.480469 0.822917 0.405482 0.817678
0.371094 0.481250 0.321138 0.463501
0.287109 0.112500 0.249531 0.106048
0.554688 0.356250 0.523703 0.347296
