436 234 397 265
418 118 400 145
334 116 334 148
327 145 334 148
390 85 384 105
470 416 401 454
212 198 201 188
151 203 126 189
448 147 417 182
215 216 201 207
320 173 326 174
259 220 254 214
313 201 318 200
307 229 311 226
343 236 335 243
349 160 346 168
365 325 341 336
405 316 369 339
178 385 125 377
261 202 261 195
448 289 401 323
362 342 336 353
451 272 406 305
442 201 407 233
446 178 411 212
422 407 371 433
379 433 338 448
194 207 177 196
404 101 392 125
434 131 409 162
366 377 333 389
181 367 134 358
348 283 331 291
129 139 105 102
408 298 374 320
426 441 368 468
198 457 137 452
237 361 205 354
132 157 99 146
113 194 80 178
139 187 116 171
359 56 365 69
187 300 154 290
229 302 205 295
121 270 80 254
159 187 140 172
336 66 347 73
245 438 200 435
111 236 76 219
143 84 114 76
118 213 82 198
145 101 114 93
204 392 155 386
147 227 117 213
182 191 168 178
245 194 244 185
272 236 269 230
230 233 218 224
167 228 142 215
246 395 206 392
190 231 169 220
147 54 120 47
284 171 285 171
