285 386 251 384
306 388 273 386
358 119 345 124
370 177 351 185
350 137 336 141
399 190 376 204
289 417 252 416
373 140 357 149
380 159 362 168
182 407 138 404
406 379 367 394
376 205 354 214
399 166 378 180
268 295 242 289
164 316 128 309
289 297 265 292
312 417 276 417
350 220 329 224
345 192 327 195
405 348 369 364
144 314 107 307
394 206 371 219
448 323 410 347
387 256 360 268
340 88 331 90
160 286 127 278
161 405 115 402
369 221 347 228
174 466 122 465
203 300 172 293
139 285 105 277
157 381 113 376
379 107 365 116
374 72 363 81
436 234 406 256
418 118 400 136
334 116 323 116
327 145 314 144
390 85 377 97
470 416 423 444
212 198 191 189
151 203 125 194
448 147 425 171
215 216 192 208
320 173 306 170
259 220 239 213
313 201 297 197
307 229 290 223
343 236 322 238
349 160 333 164
365 325 335 331
405 316 372 331
178 385 136 381
261 202 243 194
448 289 413 313
362 342 331 348
451 272 418 296
442 201 415 223
446 178 420 201
422 407 381 425
379 433 339 442
194 207 171 199
404 101 388 116
434 131 413 152
366 377 331 384
181 367 141 362
348 283 322 287
129 139 105 132
408 298 377 313
426 441 381 460
198 457 150 455
237 361 202 356
132 157 106 150
113 194 85 184
139 187 115 176
359 56 351 62
187 300 155 293
229 302 200 296
121 270 87 260
159 187 136 176
336 66 329 67
245 438 203 436
111 236 80 225
143 84 122 80
118 213 88 204
145 101 122 97
204 392 163 389
147 227 119 218
182 191 160 181
245 194 228 185
272 236 252 229
230 233 207 226
167 228 140 219
246 395 208 392
190 231 164 222
147 54 128 51
284 171 268 167
