0.851562 0.487500 0.775302 0.552406
0.816406 0.245833 0.780514 0.303112
0.652344 0.241667 0.651788 0.307448
0.638672 0.302083 0.651754 0.308410
0.761719 0.177083 0.749364 0.219011
0.917969 0.866667 0.783490 0.946080
0.414062 0.412500 0.392893 0.391232
0.294922 0.422917 0.245680 0.394227
0.875000 0.306250 0.814382 0.378277
0.419922 0.450000 0.392850 0.430555
0.625000 0.360417 0.635989 0.362635
0.505859 0.458333 0.496154 0.444934
0.611328 0.418750 0.620906 0.416514
0.599609 0.477083 0.607559 0.470482
0.669922 0.491667 0.653744 0.505335
0.681641 0.333333 0.676505 0.351022
0.712891 0.677083 0.666498 0.699400
0.791016 0.658333 0.719960 0.705690
0.347656 0.802083 0.243582 0.784591
0.509766 0.420833 0.508843 0.406389
0.875000 0.602083 0.783275 0.673214
0.707031 0.712500 0.656850 0.736164
0.880859 0.566667 0.793070 0.636394
0.863281 0.418750 0.795082 0.485647
0.871094 0.370833 0.803552 0.441284
0.824219 0.847917 0.723995 0.902599
0.740234 0.902083 0.660763 0.933845
0.378906 0.431250 0.346587 0.408411
0.789062 0.210417 0.765245 0.259592
0.847656 0.272917 0.798844 0.337313
0.714844 0.785417 0.650917 0.810236
0.353516 0.764583 0.261673 0.745645
0.679688 0.589583 0.646043 0.606568
0.251953 0.289583 0.206003 0.212247
0.796875 0.620833 0.729880 0.666857
0.832031 0.918750 0.718703 0.974499
0.386719 0.952083 0.266813 0.942260
0.462891 0.752083 0.399949 0.738430
0.257812 0.327083 0.192947 0.303290
0.220703 0.404167 0.157021 0.369861
0.271484 0.389583 0.225939 0.355590
0.701172 0.116667 0.711980 0.143339
0.365234 0.625000 0.300447 0.604183
0.447266 0.629167 0.400014 0.613743
0.236328 0.562500 0.157047 0.529848
0.310547 0.389583 0.273574 0.359158
0.656250 0.137500 0.678276 0.151336
0.478516 0.912500 0.390152 0.905568
0.216797 0.491667 0.147927 0.457126
0.279297 0.175000 0.223112 0.157330
0.230469 0.443750 0.161090 0.411712
0.283203 0.210417 0.222036 0.194433
0.398438 0.816667 0.303610 0.804227
0.287109 0.472917 0.228537 0.443425
0.355469 0.397917 0.327271 0.370111
0.478516 0.404167 0.475841 0.385194
0.531250 0.491667 0.524701 0.479555
0.449219 0.485417 0.425123 0.467675
0.326172 0.475000 0.277075 0.448473
0.480469 0.822917 0.403313 0.815694
0.371094 0.481250 0.330028 0.457659
0.287109 0.112500 0.233916 0.098084
0.554688 0.356250 0.556086 0.356067
