-3 -3 430.651085 199.913801
-2 -3 426.160696 214.101961
-1 -3 421.440381 229.016610
0 -3 416.418948 244.882695
1 -3 411.265808 261.164932
2 -3 406.091017 277.515578
3 -3 401.117637 293.229830
-3 -2 452.179336 204.098474
-2 -2 448.087212 218.352781
-1 -2 443.663774 233.761169
0 -2 439.143251 249.507742
1 -2 434.442466 265.882229
2 -2 429.724368 282.317024
3 -2 425.148219 298.257359
-3 -1 474.001174 208.340215
-2 -1 470.300394 222.659176
-1 -1 466.188193 238.569994
0 -1 462.151028 254.190484
1 -1 457.895520 270.655783
2 -1 453.626570 287.173092
3 -1 449.447876 303.341182
-3 0 495.885704 212.594142
-2 0 492.564487 226.975441
-1 0 488.773299 243.391776
0 0 485.196253 258.880848
1 0 481.373380 275.434386
2 0 477.540436 292.031530
3 0 473.754205 308.426401
-3 1 518.101164 216.912395
-2 1 515.157543 231.355481
-1 1 511.706578 248.287891
0 1 508.577760 263.639655
1 1 505.186087 280.281142
2 1 501.787283 296.957617
3 1 498.399007 313.582433
-3 2 540.735435 221.312056
-2 2 538.053716 235.794285
-1 2 534.826239 253.223797
0 2 532.014228 268.409648
1 2 528.921375 285.112141
2 2 525.823651 301.840942
3 2 522.707705 318.668147
-3 3 562.412662 225.525688
-2 3 560.204331 240.088550
-1 3 557.479111 258.060046
0 3 555.194270 273.127451
1 3 552.644687 289.940703
2 3 550.092445 306.771488
3 3 547.501816 323.855417
