2
140.077418 152.387413
135.758354 149.399280
127.020241 114.977967
104.565594 131.158598
163.865401 145.993773
129.348469 138.282756
96.038542 150.009202
127.723769 130.838039
84.882377 165.608298
166.896948 127.119983
216.881992 146.842024
135.003285 147.215107
177.887114 141.209299
123.431881 123.245177
162.951317 143.656692
89.379628 164.602979
146.279940 133.071992
99.304503 145.615727
106.886811 139.875211
137.179628 151.740872
190.752572 154.481144
98.944856 156.221590
169.870285 134.123461
176.342609 131.231371
125.489017 131.415285
169.479876 139.257722
107.758847 140.154139
160.578770 143.793058
172.249581 143.466502
142.103931 151.706044
167.655483 143.993374
119.407620 123.973320
136.074987 146.687403
144.198619 121.779491
82.948131 170.093315
149.435179 157.910775
158.760334 144.266523
176.776291 138.823272
85.510462 167.722692
92.960887 160.363230
104.446808 141.954235
136.758688 137.046376
93.624426 161.540416
151.516152 142.909327
154.075548 137.453044
100.393530 143.799248
85.726748 162.954888
158.765353 159.272145
98.228974 153.422668
103.592031 137.761474
97.984462 157.450373
108.911576 138.283576
140.432714 158.740861
101.927725 159.456310
152.366572 140.798517
177.076419 154.642916
105.142379 149.747499
151.394079 141.039658
155.028413 145.907628
191.893201 150.088577
93.797652 157.754511
106.160527 134.726692
125.723817 121.242722
93.555737 157.868231
121.799276 129.290618
114.991134 135.350099
129.887418 134.142779
163.305790 142.504777
173.118201 143.345403
83.105780 174.481488
127.594537 142.657838
146.429035 117.553362
126.809932 139.177428
92.596062 169.332479
175.221823 130.644483
113.617774 147.604641
133.141630 148.988101
105.310325 146.337884
116.503447 134.128439
96.411536 157.586677
112.470649 142.242971
169.500992 131.050427
125.664204 122.964516
109.835717 136.584325
99.239559 154.643959
170.510641 153.745268
115.402825 127.786978
157.979557 138.341056
158.631074 121.799220
148.664133 170.324153
95.874778 158.828978
147.533878 152.621818
138.633356 127.439830
158.494531 134.591391
149.439630 153.837026
137.821948 131.073480
127.666205 118.743577
165.299535 146.381273
176.892692 146.537665
128.250966 152.836897
140.763612 130.221599
92.121465 159.969785
125.487181 122.959177
98.825941 156.137587
125.025584 143.205930
149.099607 126.054622
196.379843 155.249841
115.922109 119.642777
138.250612 121.162056
177.031193 155.892729
144.109838 146.620131
106.997981 147.794949
99.691357 152.394670
120.624663 131.173392
132.084335 118.567151
155.086305 137.883648
93.440500 156.120324
186.635916 143.034479
118.000650 143.165471
173.708845 126.672116
169.960992 144.318097
123.765962 130.177222
160.245216 126.703952
147.947229 122.241794
122.755626 122.790926
139.465425 149.273326
175.582194 152.869404
135.849264 124.958374
102.524709 141.279026
168.286969 152.520017
91.179067 147.184697
123.021456 126.849944
126.383681 136.214099
85.111063 154.532474
167.667768 134.451023
152.026179 149.590838
168.699380 151.350956
152.320145 154.113203
194.270890 154.278889
132.693812 151.034260
159.089359 132.353036
95.773600 155.498129
108.925001 151.701293
132.378205 123.534946
156.174189 138.465800
157.005118 150.620580
143.112010 146.215546
87.716773 162.370902
155.665372 148.703521
92.003183 169.043839
156.599015 160.248191
151.738036 148.620419
151.665425 148.193455
174.867246 150.398489
142.595598 146.979111
163.691051 157.828853
166.447244 136.716246
147.765953 125.311391
185.087641 138.331111
172.712971 164.756796
127.672098 137.222797
118.977215 132.235078
150.783425 128.923404
150.292413 132.941625
124.004669 150.844427
128.340860 131.629076
99.502242 148.676096
156.094715 155.986631
95.942186 113.640016
184.075572 161.683014
87.418101 166.717124
183.779794 145.496797
173.102920 137.725802
119.802971 131.101513
148.213938 150.895548
123.418156 131.382813
153.889282 144.275280
83.190305 159.909182
168.698560 168.127859
96.504290 137.805529
155.846917 152.672585
94.942842 146.544693
167.827116 163.438772
136.515066 137.668959
164.437335 145.541364
124.633432 131.402133
173.640336 152.132511
133.995517 130.622695
144.736027 147.457378
146.246672 119.374752
166.300107 160.248608
133.051648 129.233903
87.817854 165.839949
95.468720 152.193003
129.342573 133.676265
153.531082 133.461629
146.771391 107.124093
98.181483 153.890508
144.354285 153.124177
139.227142 137.612198
110.265806 148.697944
166.045484 147.391319
168.964240 151.686043
162.347183 139.892376
137.971088 147.287991
101.216925 144.565524
93.665790 152.990570
101.271794 144.268518
165.925857 143.333464
103.127299 138.456409
147.978305 154.576683
166.264601 172.262298
132.757169 127.416185
150.552353 136.228593
138.201498 124.318796
133.296270 117.638898
190.235396 141.277736
112.378338 130.423028
108.573478 135.769240
171.430869 148.783144
191.016143 153.916701
132.836710 126.345746
100.367416 156.674232
152.543307 155.357451
175.153865 137.020535
146.026841 138.949511
105.660412 150.492355
148.742007 130.567957
99.685909 156.064644
97.305539 151.524761
154.339757 132.205812
152.476011 139.361291
164.354329 152.243634
105.265352 155.933707
139.645261 134.141701
109.483703 134.461090
109.527007 137.381278
119.949232 107.144815
116.991127 142.282765
92.902421 155.635315
103.255922 141.192175
157.822858 126.619958
155.988025 119.749864
156.381535 136.568776
103.701878 128.649772
98.306437 143.098742
149.760221 138.939298
128.726192 133.470889
106.599315 148.161712
152.201705 125.873333
132.476577 132.809293
169.285637 160.426278
142.975647 151.801560
174.897528 140.171042
137.048319 152.651134
155.631237 144.395248
195.298611 154.347287
151.655563 170.789533
155.724587 129.844662
93.483640 160.719686
161.663693 134.160631
143.685109 130.975878
130.947852 134.695482
90.947053 154.527832
150.759475 157.287458
134.796843 131.321486
156.804472 151.529507
114.671413 143.041443
162.961881 149.567417
113.438800 148.920231
168.851976 136.429411
89.067256 157.556118
125.078359 150.714368
96.163347 159.587242
179.146899 140.682047
136.023998 119.677108
146.458794 150.245588
100.436565 107.638845
92.101430 152.752323
142.347082 130.041392
93.366549 103.292479
94.177515 149.543699
105.556463 142.372538
171.421194 160.277160
102.633668 144.745897
158.694674 164.771566
181.988723 140.002918
102.588241 145.542047
123.610968 120.605872
137.093651 160.457394
108.999934 153.362514
93.879286 150.351010
143.477165 121.172772
126.346809 126.992693
132.459483 114.764368
101.793367 135.339988
80.053652 163.832880
163.400220 155.058576
128.213918 132.066486
100.883222 152.025885
109.933959 135.729532
101.970763 147.590081
143.527812 124.233010
112.896592 141.125695
90.077410 143.339315
156.919456 154.475725
138.700369 143.607583
139.898551 111.215954
155.232770 138.907711
150.068668 137.856466
85.638058 170.447157
113.116995 130.632145
114.921266 136.043720
158.881943 143.566264
149.514510 137.891745
145.903726 146.124566
93.612076 162.164669
91.913755 162.269417
157.772623 130.962797
157.659307 150.933032
101.650144 139.919509
144.837317 134.676622
172.389094 147.185571
147.599850 144.799870
92.732126 153.107397
164.089449 145.935456
197.698426 155.939728
150.367917 161.842282
115.315504 143.306202
150.982378 151.037513
109.259001 149.105064
160.082683 136.197657
121.797552 146.048107
89.353424 158.933741
94.554777 164.770102
116.664113 134.804373
135.413195 127.478822
120.684412 127.540597
148.977975 129.687458
166.035356 129.063492
82.732370 164.430813
116.395478 139.833262
150.301765 145.435596
175.204173 141.096763
121.599956 145.119566
172.271009 146.720176
114.113406 139.733661
114.838382 135.809075
142.758105 154.011130
107.645230 135.312626
100.202317 151.024249
159.641056 122.657505
94.371243 157.961109
128.776518 142.028098
167.903523 152.167599
122.795735 144.615228
99.238302 151.135539
119.288304 120.857724
146.685083 146.464285
159.695577 162.159731
133.035136 130.475543
121.780547 126.013792
161.723521 125.428911
114.348823 138.923919
95.986298 168.576688
137.697413 128.649194
91.170447 160.159988
92.404675 163.530863
102.912548 156.728281
193.408377 138.222387
136.677915 142.046084
160.836903 151.313019
132.497238 153.379864
98.380754 155.803236
150.191332 133.589858
153.659045 129.577009
96.779853 147.797940
140.545423 134.370024
163.165608 146.333066
110.001719 139.066804
134.655131 153.160712
182.870693 144.157927
154.089681 154.410380
107.157836 135.897427
94.733158 149.216315
108.525087 131.604935
183.577227 151.373149
105.798937 135.999034
165.960063 118.233193
165.473788 143.047187
181.230687 149.550050
155.494648 141.582329
182.919847 154.970300
135.051102 158.796217
112.269055 134.542006
162.858603 150.864808
104.627824 131.264013
143.608803 137.759131
130.552904 144.786107
169.236022 159.626198
133.281785 134.108079
147.956811 107.091231
91.578686 165.563566
157.328683 145.293389
184.099190 162.189552
108.930237 135.137298
93.752497 160.752750
191.816388 138.623688
198.485705 171.014123
136.153294 116.031606
158.046454 168.756343
154.460481 140.982843
150.075117 128.925710
95.492078 137.486049
182.648226 163.419346
148.458957 122.815237
147.455831 135.665250
105.936083 125.592105
127.089486 121.409139
186.884291 153.310488
181.424458 152.096871
108.565820 148.039952
131.857437 125.376882
166.411381 125.234052
168.892158 132.311571
138.042485 115.437735
155.534251 148.503756
98.354218 151.908133
177.483043 131.596086
184.144865 148.958829
145.645902 120.464309
163.387265 131.426085
107.340491 138.809275
170.887724 149.472703
169.026514 128.618942
106.044998 142.054583
143.968867 133.128633
177.912376 153.546687
97.976756 152.257797
138.853638 144.404765
128.997013 139.737025
117.784308 125.278935
112.479669 136.538458
147.156218 152.997448
156.598832 136.352116
126.731888 124.148655
151.577526 159.296329
79.936783 172.735450
159.009116 143.107971
89.819200 171.039732
171.100354 149.459836
162.130929 131.834275
110.073080 144.116322
97.579738 149.397459
90.249095 162.946587
149.142319 142.996658
80.926753 164.036360
141.629607 145.199171
91.289887 171.285399
193.961024 149.264870
165.965990 145.706121
104.906626 146.742140
102.471358 149.474269
144.923420 118.378577
158.241681 131.343317
145.946372 129.023072
97.292517 156.545746
97.010897 150.913282
127.104038 121.368514
145.204390 142.804979
127.826787 137.893724
104.137341 145.589257
96.437052 165.122898
196.262763 153.063763
175.724984 138.071189
137.248056 128.852787
153.261227 123.826459
110.357997 105.896761
88.371001 175.935883
184.710820 165.392688
100.996839 146.176104
98.869909 143.389968
135.414744 139.157035
141.267610 130.602932
101.161417 146.862546
91.218458 153.761856
168.151524 157.566608
134.339976 132.448182
153.721678 145.044524
148.282372 142.217605
151.178999 141.103420
168.602998 154.402538
181.509366 161.014873
168.926062 151.982957
156.820581 145.276659
137.027506 132.803224
161.419924 132.130607
145.400987 128.535236
153.338099 137.475038
101.166594 139.772814
98.260786 157.735548
130.543639 139.328834
176.658433 154.004727
96.299991 140.372515
93.584340 150.073517
104.066790 156.188840
123.522249 118.139779
76.396726 179.165042
147.882296 154.376293
102.271172 152.353264
156.118251 158.896015
134.614987 129.466443
176.394763 148.957130
135.402437 140.409076
98.428966 154.320875
109.642677 138.146917
140.324527 108.152198
141.314629 143.364378
106.092399 147.064606
100.176849 132.747830
159.123225 157.940051
131.570034 116.433441
150.380972 136.237622
152.489461 143.512183
92.578982 157.365708
152.026282 150.011404
101.149097 154.013342
98.330353 146.419532
94.121325 159.208205
159.278327 132.374960
99.749906 152.220132
167.270684 152.236267
110.576307 143.733751
177.599766 139.983725
181.185840 144.382344
140.570303 130.745001
125.620161 130.846864
117.739306 135.020050
104.433888 142.294404
94.935426 149.848087
159.276878 150.341225
181.425810 164.271597
132.735926 112.568643
180.829148 145.374883
119.719137 153.446195
92.891423 171.262261
158.509280 154.920217
115.095126 135.198496
107.417129 134.714528
95.502840 158.832443
131.636350 128.467637
101.451737 143.867228
140.341383 130.101318
166.377880 156.735197
130.404281 132.209525
164.634848 134.488106
154.284590 160.423948
84.414911 163.485076
165.561738 147.092808
101.889801 147.286893
95.074988 144.748814
100.888319 139.284357
155.095680 134.636549
99.060450 146.849776
169.902157 147.385429
171.215144 135.997864
102.921666 137.441363
157.021970 133.139368
112.005836 138.701743
173.708871 170.233442
162.437773 157.025389
102.442311 143.656711
154.265492 129.122977
95.957567 166.426794
220.471807 170.043857
164.920724 150.063115
98.567621 151.697904
138.200298 141.620053
156.349716 133.310469
175.222091 156.808258
139.714376 117.376482
100.466456 151.214203
120.708828 140.246026
138.109528 135.895762
150.561957 142.939501
142.778085 130.595958
149.829574 162.922433
138.857299 142.513146
170.040962 143.382955
133.276636 148.819877
157.588795 144.185234
149.209152 119.389994
138.520069 133.721235
152.296295 155.882377
151.046848 126.808756
122.780124 128.781423
100.312590 147.796290
145.691572 136.835752
148.287775 131.719068
91.599961 156.715866
164.872716 139.422584
159.126165 146.817521
134.487402 135.938184
168.765519 141.825574
141.543119 138.886020
157.074205 161.070062
126.189983 132.064144
103.139500 143.218510
156.414921 137.280094
189.372140 149.183022
155.503275 120.499593
106.102931 136.367336
89.518098 163.410093
114.832370 149.812111
97.326611 150.809833
163.605573 139.395470
80.270910 179.795033
101.472155 135.751852
155.550166 133.410296
103.296273 156.718651
158.937560 136.523416
129.785731 139.115100
163.501615 132.767156
169.258009 140.982377
173.656637 155.106280
138.244551 132.084217
191.241507 152.663167
118.770830 143.747063
167.782928 141.965569
106.752318 146.083250
173.191369 144.219999
149.696566 135.321555
165.834676 155.865023
134.946944 142.157558
148.033441 120.141965
120.406277 132.795699
156.072399 136.316569
189.202337 164.173718
133.869435 137.949443
173.650499 138.784311
173.566988 148.345019
203.825874 158.794347
102.301478 137.404159
94.905353 154.924425
134.456415 131.608929
161.097088 129.443864
196.075391 168.050613
157.308897 131.989072
95.987154 117.866049
157.334906 153.105382
168.032043 141.859365
128.036582 132.105232
117.352312 136.329876
149.162489 123.813796
146.559014 133.454120
140.919687 147.679882
110.548786 137.788969
104.000901 123.856991
121.570834 130.667034
150.125645 130.669754
174.492987 133.483582
97.659786 158.504715
141.548682 121.200577
88.496610 162.879199
83.860905 152.183979
112.838629 117.016180
155.215562 145.878321
113.911820 114.070908
168.115085 144.530388
172.222447 139.583725
127.674377 132.791219
101.539346 139.302344
108.907323 148.969831
119.148740 131.149416
143.914750 119.971975
126.397496 142.193717
187.103260 157.730513
180.068155 133.370032
111.381135 132.139857
79.235553 175.850651
126.152272 145.628286
149.297526 146.541409
135.443383 129.014132
146.463273 145.591211
105.716736 143.301649
127.124216 155.237116
89.570725 152.228931
152.166492 143.049438
97.547363 140.959580
182.434126 160.032996
104.972560 149.204974
177.663900 138.295823
147.750892 141.143474
110.742755 129.100955
177.209500 156.235516
87.682290 151.369361
96.750954 162.238690
159.465500 142.118299
92.191123 157.223207
164.985911 138.602601
169.639923 164.952783
160.597303 163.358197
148.105727 150.153552
182.108176 150.113191
108.362031 133.744264
164.710325 146.439700
110.871982 138.914163
78.169612 173.055625
113.536084 134.551968
142.787827 140.596874
176.628814 155.030781
72.825680 172.025195
135.984627 123.935551
164.883795 138.890276
157.710722 144.599737
108.025793 141.543551
146.164430 149.395094
88.009848 160.218419
178.392776 148.275743
146.047031 134.696945
153.809802 113.794452
174.698632 140.790338
168.228131 137.198428
163.850974 138.223914
108.794734 146.527954
89.558473 153.203017
113.135389 138.162164
155.631068 139.151780
133.111132 146.551682
182.685236 136.477927
136.839812 124.387474
136.503375 146.243061
152.508470 131.263844
105.585528 139.638561
113.597085 137.232578
174.726063 116.540097
95.935475 149.398547
181.117868 159.723752
148.808872 147.065992
148.699990 132.778862
148.414030 123.893526
129.019026 100.229449
148.492762 136.753383
153.111081 157.011068
150.928799 129.755477
86.757586 175.209006
153.072462 150.942154
110.413849 144.496434
141.237537 125.670678
145.841086 128.345409
165.341924 160.660055
171.092109 126.227299
141.839871 144.905351
147.797470 119.981093
144.116737 141.726115
134.901750 133.800285
140.060695 141.110186
156.542378 128.728026
156.201519 158.134813
151.909828 155.239841
170.021407 141.288028
81.174225 167.460968
92.841962 155.496666
146.090502 136.176912
167.454279 137.098477
98.449631 148.153378
145.074490 147.063368
145.229383 141.938345
91.477041 167.808972
113.824593 145.480363
153.662283 135.932215
140.150190 126.338816
101.562759 150.821439
166.869941 137.716345
93.795278 154.214666
138.225078 141.913491
148.411827 140.055351
89.669793 172.876780
107.169587 138.273458
145.146265 117.732515
122.448724 123.249366
90.718001 134.834512
97.122173 159.922303
151.003932 131.654256
144.856683 127.797466
148.921450 132.733415
107.202855 145.515033
153.848389 146.517860
94.605627 152.547241
85.366769 177.991060
145.647930 119.106853
148.253346 141.766811
154.015060 120.283699
165.007801 142.104295
77.127634 168.004810
139.797148 129.532184
84.992708 157.151147
148.016024 135.286076
181.417931 164.761578
112.520972 138.794762
139.917215 133.658092
172.480209 119.345643
141.572328 130.535206
125.012976 127.469646
157.897341 117.902702
164.711348 165.202193
160.180485 124.226391
101.706640 141.892386
144.071980 136.234966
103.008915 157.889051
138.694694 152.275462
149.375891 147.840248
100.058951 139.569164
157.471691 156.131499
129.910586 129.303329
104.147828 147.720398
158.714615 135.120567
170.869400 154.027441
94.947472 155.101818
134.724546 139.573348
135.735844 124.154885
143.948289 133.941336
170.415917 132.517142
183.045060 153.267804
122.994630 136.939911
127.813809 152.627085
155.306066 139.256515
167.838538 128.961166
148.078403 158.839765
132.803002 134.812385
142.496889 126.241409
162.379347 144.613827
163.247236 139.996804
106.328454 157.198866
101.271375 147.005028
149.728296 137.301249
136.816636 143.793774
124.288245 134.551650
161.938426 167.215191
102.207325 148.042378
114.910185 139.552902
146.902317 141.649494
179.385750 151.687275
182.520874 172.087450
153.054502 134.183212
101.117558 145.902443
96.540698 161.793211
162.129073 145.395739
148.721435 138.182243
104.228105 148.148212
137.592708 115.678828
147.101605 134.653080
141.352167 137.628266
193.139297 157.447059
118.488779 137.789839
184.273001 137.576754
101.219353 144.482807
149.935197 121.866546
175.851245 122.013157
144.385170 146.482799
116.375754 140.990485
154.270310 136.382039
153.608023 130.914933
112.475376 122.121033
190.988541 155.142997
84.936214 168.915489
160.452300 150.271584
133.833468 124.257559
157.799867 131.139379
133.545076 147.865270
147.943444 139.726661
142.749539 138.960989
170.253106 158.677872
92.509604 149.208006
103.134678 155.335093
124.751797 147.636416
155.181602 149.613363
99.536226 149.784174
103.887161 155.307903
176.663750 164.211341
121.420544 136.409798
163.915670 136.711470
96.005484 150.085531
118.077741 140.378450
152.580009 154.951829
101.384634 153.627900
101.578337 130.372972
101.570346 167.405996
138.665905 147.712984
138.060047 140.871165
208.441267 145.711901
139.014910 134.547300
165.503133 130.638618
166.550247 139.414927
173.092318 166.748196
148.676768 158.685348
90.216125 167.410369
89.430446 166.554424
126.373778 138.097926
154.713545 136.258299
175.489091 141.753889
141.217785 161.768099
105.777006 126.618179
162.050566 125.878978
95.218097 159.323898
174.552536 135.431677
164.945645 146.500872
92.845067 157.422390
176.415255 152.302246
150.546952 138.403037
95.438696 155.713792
101.220290 143.954529
130.708162 129.516520
143.963570 125.097608
127.888453 134.511633
100.020814 143.384357
98.367145 145.431263
110.776706 140.412877
119.543618 157.108819
151.045125 122.906868
140.120331 134.721458
121.650869 140.606143
163.166523 155.349025
108.900527 136.735230
173.025509 142.888614
163.479127 142.461299
138.705628 137.600795
142.973419 137.395649
153.323464 153.801590
134.685909 133.185715
187.594448 143.451789
92.837126 159.985936
174.094602 124.818061
160.930012 136.063798
139.469564 133.665589
163.936159 164.653392
94.206388 155.715539
170.048593 125.516172
170.976467 157.744419
96.339340 146.393693
100.204514 158.035740
146.285907 137.762328
110.417536 138.054865
127.418451 132.777140
111.269160 115.072814
135.174714 135.192602
131.365427 134.902925
74.734748 162.344339
127.670438 138.759945
92.206345 165.595783
124.028452 134.415626
133.710305 154.797825
174.940933 148.176588
113.211967 132.880726
101.129638 147.250079
91.252010 162.199370
160.263791 155.038635
169.115213 133.747468
131.492779 104.527075
162.509225 158.276996
98.843885 152.666944
116.224902 149.243179
103.503324 145.546842
111.945507 103.159147
103.681325 160.656182
129.262295 148.018274
143.404104 135.071482
157.109663 156.476162
90.920611 122.840214
101.409434 149.978924
157.036141 141.168132
128.329301 158.057294
127.351183 154.029051
154.245840 155.359686
90.391040 161.990275
160.573874 145.447734
94.940242 165.429552
116.213591 122.645684
127.790440 130.403516
99.429534 159.563246
146.901708 144.030069
148.310948 134.490390
169.511308 114.170525
144.478848 133.375390
103.332163 148.327826
101.983402 154.283604
138.953285 149.619105
172.581940 154.271689
148.973030 143.059035
151.073345 141.273030
159.548946 163.406215
138.383606 120.520067
152.381836 127.672442
161.360096 160.409476
139.458921 143.548346
160.833631 146.617000
153.918124 138.888139
153.900247 144.741832
149.552017 130.195868
130.268007 153.562261
