2
290.077418 152.387413
285.758354 149.399280
127.020241 114.977967
254.565594 131.158598
313.865401 145.993773
279.348469 138.282756
96.038542 150.009202
277.723769 130.838039
84.882377 165.608298
316.896948 127.119983
366.881992 146.842024
285.003285 147.215107
327.887114 141.209299
273.431881 123.245177
312.951317 143.656692
89.379628 164.602979
296.279940 133.071992
99.304503 145.615727
106.886811 139.875211
287.179628 151.740872
340.752572 154.481144
98.944856 156.221590
319.870285 134.123461
326.342609 131.231371
275.489017 131.415285
319.479876 139.257722
107.758847 140.154139
310.578770 143.793058
322.249581 143.466502
292.103931 151.706044
317.655483 143.993374
119.407620 123.973320
286.074987 146.687403
294.198619 121.779491
82.948131 170.093315
299.435179 157.910775
308.760334 144.266523
326.776291 138.823272
85.510462 167.722692
92.960887 160.363230
104.446808 141.954235
286.758688 137.046376
93.624426 161.540416
301.516152 142.909327
304.075548 137.453044
100.393530 143.799248
85.726748 162.954888
308.765353 159.272145
98.228974 153.422668
103.592031 137.761474
97.984462 157.450373
258.911576 138.283576
290.432714 158.740861
101.927725 159.456310
302.366572 140.798517
327.076419 154.642916
105.142379 149.747499
301.394079 141.039658
305.028413 145.907628
341.893201 150.088577
93.797652 157.754511
106.160527 134.726692
275.723817 121.242722
93.555737 157.868231
121.799276 129.290618
264.991134 135.350099
279.887418 134.142779
313.305790 142.504777
323.118201 143.345403
83.105780 174.481488
277.594537 142.657838
296.429035 117.553362
276.809932 139.177428
92.596062 169.332479
325.221823 130.644483
113.617774 147.604641
283.141630 148.988101
105.310325 146.337884
266.503447 134.128439
96.411536 157.586677
262.470649 142.242971
319.500992 131.050427
275.664204 122.964516
109.835717 136.584325
99.239559 154.643959
320.510641 153.745268
115.402825 127.786978
307.979557 138.341056
308.631074 121.799220
298.664133 170.324153
95.874778 158.828978
297.533878 152.621818
288.633356 127.439830
308.494531 134.591391
299.439630 153.837026
287.821948 131.073480
277.666205 118.743577
315.299535 146.381273
326.892692 146.537665
278.250966 152.836897
290.763612 130.221599
92.121465 159.969785
275.487181 122.959177
98.825941 156.137587
275.025584 143.205930
299.099607 126.054622
346.379843 155.249841
115.922109 119.642777
288.250612 121.162056
327.031193 155.892729
294.109838 146.620131
106.997981 147.794949
99.691357 152.394670
270.624663 131.173392
282.084335 118.567151
305.086305 137.883648
93.440500 156.120324
336.635916 143.034479
118.000650 143.165471
323.708845 126.672116
319.960992 144.318097
123.765962 130.177222
310.245216 126.703952
297.947229 122.241794
272.755626 122.790926
289.465425 149.273326
325.582194 152.869404
285.849264 124.958374
102.524709 141.279026
318.286969 152.520017
91.179067 147.184697
273.021456 126.849944
276.383681 136.214099
85.111063 154.532474
317.667768 134.451023
302.026179 149.590838
318.699380 151.350956
302.320145 154.113203
344.270890 154.278889
282.693812 151.034260
309.089359 132.353036
95.773600 155.498129
108.925001 151.701293
282.378205 123.534946
306.174189 138.465800
307.005118 150.620580
293.112010 146.215546
87.716773 162.370902
305.665372 148.703521
92.003183 169.043839
306.599015 160.248191
301.738036 148.620419
301.665425 148.193455
324.867246 150.398489
292.595598 146.979111
313.691051 157.828853
316.447244 136.716246
297.765953 125.311391
335.087641 138.331111
322.712971 164.756796
277.672098 137.222797
118.977215 132.235078
300.783425 128.923404
300.292413 132.941625
274.004669 150.844427
278.340860 131.629076
99.502242 148.676096
306.094715 155.986631
245.942186 113.640016
334.075572 161.683014
87.418101 166.717124
333.779794 145.496797
323.102920 137.725802
269.802971 131.101513
298.213938 150.895548
273.418156 131.382813
303.889282 144.275280
83.190305 159.909182
318.698560 168.127859
96.504290 137.805529
305.846917 152.672585
94.942842 146.544693
317.827116 163.438772
286.515066 137.668959
314.437335 145.541364
274.633432 131.402133
323.640336 152.132511
283.995517 130.622695
294.736027 147.457378
296.246672 119.374752
316.300107 160.248608
283.051648 129.233903
87.817854 165.839949
95.468720 152.193003
279.342573 133.676265
303.531082 133.461629
296.771391 107.124093
98.181483 153.890508
294.354285 153.124177
289.227142 137.612198
110.265806 148.697944
316.045484 147.391319
318.964240 151.686043
312.347183 139.892376
287.971088 147.287991
101.216925 144.565524
93.665790 152.990570
101.271794 144.268518
315.925857 143.333464
103.127299 138.456409
297.978305 154.576683
316.264601 172.262298
282.757169 127.416185
300.552353 136.228593
288.201498 124.318796
283.296270 117.638898
340.235396 141.277736
112.378338 130.423028
108.573478 135.769240
321.430869 148.783144
341.016143 153.916701
282.836710 126.345746
100.367416 156.674232
302.543307 155.357451
325.153865 137.020535
296.026841 138.949511
105.660412 150.492355
298.742007 130.567957
99.685909 156.064644
97.305539 151.524761
304.339757 132.205812
302.476011 139.361291
314.354329 152.243634
105.265352 155.933707
289.645261 134.141701
109.483703 134.461090
109.527007 137.381278
269.949232 107.144815
266.991127 142.282765
92.902421 155.635315
103.255922 141.192175
307.822858 126.619958
305.988025 119.749864
306.381535 136.568776
103.701878 128.649772
98.306437 143.098742
299.760221 138.939298
278.726192 133.470889
106.599315 148.161712
302.201705 125.873333
282.476577 132.809293
319.285637 160.426278
292.975647 151.801560
324.897528 140.171042
287.048319 152.651134
305.631237 144.395248
345.298611 154.347287
301.655563 170.789533
305.724587 129.844662
93.483640 160.719686
311.663693 134.160631
293.685109 130.975878
280.947852 134.695482
90.947053 154.527832
300.759475 157.287458
284.796843 131.321486
306.804472 151.529507
114.671413 143.041443
312.961881 149.567417
113.438800 148.920231
318.851976 136.429411
89.067256 157.556118
275.078359 150.714368
96.163347 159.587242
329.146899 140.682047
286.023998 119.677108
296.458794 150.245588
250.436565 107.638845
92.101430 152.752323
292.347082 130.041392
243.366549 103.292479
94.177515 149.543699
105.556463 142.372538
321.421194 160.277160
102.633668 144.745897
308.694674 164.771566
331.988723 140.002918
102.588241 145.542047
273.610968 120.605872
287.093651 160.457394
258.999934 153.362514
93.879286 150.351010
293.477165 121.172772
276.346809 126.992693
282.459483 114.764368
101.793367 135.339988
80.053652 163.832880
313.400220 155.058576
278.213918 132.066486
100.883222 152.025885
109.933959 135.729532
251.970763 147.590081
293.527812 124.233010
112.896592 141.125695
90.077410 143.339315
306.919456 154.475725
288.700369 143.607583
289.898551 111.215954
305.232770 138.907711
300.068668 137.856466
85.638058 170.447157
113.116995 130.632145
264.921266 136.043720
308.881943 143.566264
299.514510 137.891745
295.903726 146.124566
93.612076 162.164669
91.913755 162.269417
307.772623 130.962797
307.659307 150.933032
101.650144 139.919509
294.837317 134.676622
322.389094 147.185571
297.599850 144.799870
92.732126 153.107397
314.089449 145.935456
347.698426 155.939728
300.367917 161.842282
115.315504 143.306202
300.982378 151.037513
109.259001 149.105064
310.082683 136.197657
271.797552 146.048107
89.353424 158.933741
94.554777 164.770102
116.664113 134.804373
285.413195 127.478822
270.684412 127.540597
298.977975 129.687458
316.035356 129.063492
82.732370 164.430813
266.395478 139.833262
300.301765 145.435596
325.204173 141.096763
271.599956 145.119566
322.271009 146.720176
264.113406 139.733661
114.838382 135.809075
292.758105 154.011130
107.645230 135.312626
250.202317 151.024249
309.641056 122.657505
94.371243 157.961109
278.776518 142.028098
317.903523 152.167599
272.795735 144.615228
99.238302 151.135539
269.288304 120.857724
296.685083 146.464285
309.695577 162.159731
283.035136 130.475543
121.780547 126.013792
311.723521 125.428911
264.348823 138.923919
95.986298 168.576688
287.697413 128.649194
91.170447 160.159988
92.404675 163.530863
102.912548 156.728281
343.408377 138.222387
286.677915 142.046084
310.836903 151.313019
282.497238 153.379864
98.380754 155.803236
300.191332 133.589858
303.659045 129.577009
96.779853 147.797940
290.545423 134.370024
313.165608 146.333066
260.001719 139.066804
284.655131 153.160712
332.870693 144.157927
304.089681 154.410380
107.157836 135.897427
94.733158 149.216315
108.525087 131.604935
333.577227 151.373149
105.798937 135.999034
315.960063 118.233193
315.473788 143.047187
331.230687 149.550050
305.494648 141.582329
332.919847 154.970300
285.051102 158.796217
112.269055 134.542006
312.858603 150.864808
104.627824 131.264013
293.608803 137.759131
280.552904 144.786107
319.236022 159.626198
283.281785 134.108079
297.956811 107.091231
91.578686 165.563566
307.328683 145.293389
334.099190 162.189552
258.930237 135.137298
93.752497 160.752750
341.816388 138.623688
348.485705 171.014123
286.153294 116.031606
308.046454 168.756343
304.460481 140.982843
300.075117 128.925710
95.492078 137.486049
332.648226 163.419346
298.458957 122.815237
297.455831 135.665250
255.936083 125.592105
127.089486 121.409139
336.884291 153.310488
331.424458 152.096871
108.565820 148.039952
281.857437 125.376882
316.411381 125.234052
318.892158 132.311571
288.042485 115.437735
305.534251 148.503756
98.354218 151.908133
327.483043 131.596086
334.144865 148.958829
295.645902 120.464309
313.387265 131.426085
107.340491 138.809275
320.887724 149.472703
319.026514 128.618942
106.044998 142.054583
293.968867 133.128633
327.912376 153.546687
97.976756 152.257797
288.853638 144.404765
278.997013 139.737025
117.784308 125.278935
112.479669 136.538458
297.156218 152.997448
306.598832 136.352116
276.731888 124.148655
301.577526 159.296329
79.936783 172.735450
309.009116 143.107971
89.819200 171.039732
321.100354 149.459836
312.130929 131.834275
110.073080 144.116322
97.579738 149.397459
90.249095 162.946587
299.142319 142.996658
80.926753 164.036360
291.629607 145.199171
91.289887 171.285399
343.961024 149.264870
315.965990 145.706121
104.906626 146.742140
102.471358 149.474269
294.923420 118.378577
308.241681 131.343317
295.946372 129.023072
97.292517 156.545746
97.010897 150.913282
277.104038 121.368514
295.204390 142.804979
277.826787 137.893724
104.137341 145.589257
96.437052 165.122898
346.262763 153.063763
325.724984 138.071189
287.248056 128.852787
303.261227 123.826459
260.357997 105.896761
88.371001 175.935883
334.710820 165.392688
100.996839 146.176104
98.869909 143.389968
285.414744 139.157035
291.267610 130.602932
101.161417 146.862546
91.218458 153.761856
318.151524 157.566608
284.339976 132.448182
303.721678 145.044524
298.282372 142.217605
301.178999 141.103420
318.602998 154.402538
331.509366 161.014873
318.926062 151.982957
306.820581 145.276659
287.027506 132.803224
311.419924 132.130607
295.400987 128.535236
303.338099 137.475038
101.166594 139.772814
98.260786 157.735548
280.543639 139.328834
326.658433 154.004727
96.299991 140.372515
93.584340 150.073517
104.066790 156.188840
123.522249 118.139779
76.396726 179.165042
297.882296 154.376293
102.271172 152.353264
306.118251 158.896015
284.614987 129.466443
326.394763 148.957130
285.402437 140.409076
98.428966 154.320875
259.642677 138.146917
290.324527 108.152198
291.314629 143.364378
106.092399 147.064606
250.176849 132.747830
309.123225 157.940051
281.570034 116.433441
300.380972 136.237622
302.489461 143.512183
92.578982 157.365708
302.026282 150.011404
101.149097 154.013342
98.330353 146.419532
94.121325 159.208205
309.278327 132.374960
99.749906 152.220132
317.270684 152.236267
110.576307 143.733751
327.599766 139.983725
331.185840 144.382344
290.570303 130.745001
275.620161 130.846864
267.739306 135.020050
104.433888 142.294404
94.935426 149.848087
309.276878 150.341225
331.425810 164.271597
282.735926 112.568643
330.829148 145.374883
269.719137 153.446195
92.891423 171.262261
308.509280 154.920217
115.095126 135.198496
107.417129 134.714528
95.502840 158.832443
281.636350 128.467637
101.451737 143.867228
290.341383 130.101318
316.377880 156.735197
280.404281 132.209525
314.634848 134.488106
304.284590 160.423948
84.414911 163.485076
315.561738 147.092808
101.889801 147.286893
95.074988 144.748814
100.888319 139.284357
305.095680 134.636549
99.060450 146.849776
319.902157 147.385429
321.215144 135.997864
102.921666 137.441363
307.021970 133.139368
112.005836 138.701743
323.708871 170.233442
312.437773 157.025389
102.442311 143.656711
304.265492 129.122977
95.957567 166.426794
370.471807 170.043857
314.920724 150.063115
98.567621 151.697904
288.200298 141.620053
306.349716 133.310469
325.222091 156.808258
289.714376 117.376482
100.466456 151.214203
120.708828 140.246026
288.109528 135.895762
300.561957 142.939501
292.778085 130.595958
299.829574 162.922433
288.857299 142.513146
320.040962 143.382955
283.276636 148.819877
307.588795 144.185234
299.209152 119.389994
288.520069 133.721235
302.296295 155.882377
301.046848 126.808756
122.780124 128.781423
100.312590 147.796290
295.691572 136.835752
298.287775 131.719068
91.599961 156.715866
314.872716 139.422584
309.126165 146.817521
284.487402 135.938184
318.765519 141.825574
291.543119 138.886020
307.074205 161.070062
126.189983 132.064144
103.139500 143.218510
306.414921 137.280094
339.372140 149.183022
305.503275 120.499593
106.102931 136.367336
89.518098 163.410093
114.832370 149.812111
97.326611 150.809833
313.605573 139.395470
80.270910 179.795033
101.472155 135.751852
305.550166 133.410296
103.296273 156.718651
308.937560 136.523416
279.785731 139.115100
313.501615 132.767156
319.258009 140.982377
323.656637 155.106280
288.244551 132.084217
341.241507 152.663167
268.770830 143.747063
317.782928 141.965569
106.752318 146.083250
323.191369 144.219999
299.696566 135.321555
315.834676 155.865023
284.946944 142.157558
298.033441 120.141965
270.406277 132.795699
306.072399 136.316569
339.202337 164.173718
283.869435 137.949443
323.650499 138.784311
323.566988 148.345019
353.825874 158.794347
102.301478 137.404159
94.905353 154.924425
284.456415 131.608929
311.097088 129.443864
346.075391 168.050613
307.308897 131.989072
245.987154 117.866049
307.334906 153.105382
318.032043 141.859365
278.036582 132.105232
117.352312 136.329876
299.162489 123.813796
296.559014 133.454120
290.919687 147.679882
110.548786 137.788969
254.000901 123.856991
121.570834 130.667034
300.125645 130.669754
324.492987 133.483582
97.659786 158.504715
291.548682 121.200577
88.496610 162.879199
83.860905 152.183979
262.838629 117.016180
305.215562 145.878321
263.911820 114.070908
318.115085 144.530388
322.222447 139.583725
277.674377 132.791219
101.539346 139.302344
108.907323 148.969831
119.148740 131.149416
293.914750 119.971975
276.397496 142.193717
337.103260 157.730513
330.068155 133.370032
261.381135 132.139857
79.235553 175.850651
276.152272 145.628286
299.297526 146.541409
285.443383 129.014132
296.463273 145.591211
105.716736 143.301649
277.124216 155.237116
89.570725 152.228931
302.166492 143.049438
97.547363 140.959580
332.434126 160.032996
104.972560 149.204974
327.663900 138.295823
297.750892 141.143474
110.742755 129.100955
327.209500 156.235516
87.682290 151.369361
96.750954 162.238690
309.465500 142.118299
92.191123 157.223207
314.985911 138.602601
319.639923 164.952783
310.597303 163.358197
298.105727 150.153552
332.108176 150.113191
108.362031 133.744264
314.710325 146.439700
110.871982 138.914163
78.169612 173.055625
113.536084 134.551968
292.787827 140.596874
326.628814 155.030781
72.825680 172.025195
285.984627 123.935551
314.883795 138.890276
307.710722 144.599737
108.025793 141.543551
296.164430 149.395094
88.009848 160.218419
328.392776 148.275743
296.047031 134.696945
303.809802 113.794452
324.698632 140.790338
318.228131 137.198428
313.850974 138.223914
108.794734 146.527954
89.558473 153.203017
113.135389 138.162164
305.631068 139.151780
283.111132 146.551682
332.685236 136.477927
286.839812 124.387474
286.503375 146.243061
302.508470 131.263844
105.585528 139.638561
263.597085 137.232578
324.726063 116.540097
95.935475 149.398547
331.117868 159.723752
298.808872 147.065992
298.699990 132.778862
298.414030 123.893526
279.019026 100.229449
298.492762 136.753383
303.111081 157.011068
300.928799 129.755477
86.757586 175.209006
303.072462 150.942154
260.413849 144.496434
291.237537 125.670678
295.841086 128.345409
315.341924 160.660055
321.092109 126.227299
291.839871 144.905351
297.797470 119.981093
294.116737 141.726115
284.901750 133.800285
290.060695 141.110186
306.542378 128.728026
306.201519 158.134813
301.909828 155.239841
320.021407 141.288028
81.174225 167.460968
92.841962 155.496666
296.090502 136.176912
317.454279 137.098477
98.449631 148.153378
295.074490 147.063368
295.229383 141.938345
91.477041 167.808972
263.824593 145.480363
303.662283 135.932215
290.150190 126.338816
101.562759 150.821439
316.869941 137.716345
93.795278 154.214666
288.225078 141.913491
298.411827 140.055351
89.669793 172.876780
107.169587 138.273458
295.146265 117.732515
272.448724 123.249366
240.718001 134.834512
97.122173 159.922303
301.003932 131.654256
294.856683 127.797466
298.921450 132.733415
107.202855 145.515033
303.848389 146.517860
94.605627 152.547241
85.366769 177.991060
295.647930 119.106853
298.253346 141.766811
304.015060 120.283699
315.007801 142.104295
77.127634 168.004810
289.797148 129.532184
84.992708 157.151147
298.016024 135.286076
331.417931 164.761578
112.520972 138.794762
289.917215 133.658092
322.480209 119.345643
291.572328 130.535206
125.012976 127.469646
307.897341 117.902702
314.711348 165.202193
310.180485 124.226391
101.706640 141.892386
294.071980 136.234966
103.008915 157.889051
288.694694 152.275462
299.375891 147.840248
100.058951 139.569164
307.471691 156.131499
279.910586 129.303329
104.147828 147.720398
308.714615 135.120567
320.869400 154.027441
94.947472 155.101818
284.724546 139.573348
285.735844 124.154885
293.948289 133.941336
320.415917 132.517142
333.045060 153.267804
272.994630 136.939911
277.813809 152.627085
305.306066 139.256515
317.838538 128.961166
298.078403 158.839765
282.803002 134.812385
292.496889 126.241409
312.379347 144.613827
313.247236 139.996804
106.328454 157.198866
101.271375 147.005028
299.728296 137.301249
286.816636 143.793774
274.288245 134.551650
311.938426 167.215191
102.207325 148.042378
264.910185 139.552902
296.902317 141.649494
329.385750 151.687275
332.520874 172.087450
303.054502 134.183212
101.117558 145.902443
96.540698 161.793211
312.129073 145.395739
298.721435 138.182243
104.228105 148.148212
287.592708 115.678828
297.101605 134.653080
291.352167 137.628266
343.139297 157.447059
268.488779 137.789839
334.273001 137.576754
101.219353 144.482807
299.935197 121.866546
325.851245 122.013157
294.385170 146.482799
116.375754 140.990485
304.270310 136.382039
303.608023 130.914933
112.475376 122.121033
340.988541 155.142997
84.936214 168.915489
310.452300 150.271584
283.833468 124.257559
307.799867 131.139379
283.545076 147.865270
297.943444 139.726661
292.749539 138.960989
320.253106 158.677872
92.509604 149.208006
103.134678 155.335093
274.751797 147.636416
305.181602 149.613363
99.536226 149.784174
103.887161 155.307903
326.663750 164.211341
271.420544 136.409798
313.915670 136.711470
96.005484 150.085531
118.077741 140.378450
302.580009 154.951829
101.384634 153.627900
251.578337 130.372972
101.570346 167.405996
288.665905 147.712984
288.060047 140.871165
358.441267 145.711901
289.014910 134.547300
315.503133 130.638618
316.550247 139.414927
323.092318 166.748196
298.676768 158.685348
90.216125 167.410369
89.430446 166.554424
276.373778 138.097926
304.713545 136.258299
325.489091 141.753889
291.217785 161.768099
105.777006 126.618179
312.050566 125.878978
95.218097 159.323898
324.552536 135.431677
314.945645 146.500872
92.845067 157.422390
326.415255 152.302246
300.546952 138.403037
95.438696 155.713792
101.220290 143.954529
280.708162 129.516520
293.963570 125.097608
277.888453 134.511633
100.020814 143.384357
98.367145 145.431263
110.776706 140.412877
269.543618 157.108819
301.045125 122.906868
290.120331 134.721458
271.650869 140.606143
313.166523 155.349025
108.900527 136.735230
323.025509 142.888614
313.479127 142.461299
288.705628 137.600795
292.973419 137.395649
303.323464 153.801590
284.685909 133.185715
337.594448 143.451789
92.837126 159.985936
324.094602 124.818061
310.930012 136.063798
289.469564 133.665589
313.936159 164.653392
94.206388 155.715539
320.048593 125.516172
320.976467 157.744419
96.339340 146.393693
100.204514 158.035740
296.285907 137.762328
110.417536 138.054865
277.418451 132.777140
261.269160 115.072814
285.174714 135.192602
281.365427 134.902925
74.734748 162.344339
277.670438 138.759945
92.206345 165.595783
274.028452 134.415626
283.710305 154.797825
324.940933 148.176588
263.211967 132.880726
101.129638 147.250079
91.252010 162.199370
310.263791 155.038635
319.115213 133.747468
281.492779 104.527075
312.509225 158.276996
98.843885 152.666944
266.224902 149.243179
103.503324 145.546842
261.945507 103.159147
103.681325 160.656182
279.262295 148.018274
293.404104 135.071482
307.109663 156.476162
240.920611 122.840214
101.409434 149.978924
307.036141 141.168132
278.329301 158.057294
277.351183 154.029051
304.245840 155.359686
90.391040 161.990275
310.573874 145.447734
94.940242 165.429552
266.213591 122.645684
277.790440 130.403516
99.429534 159.563246
296.901708 144.030069
298.310948 134.490390
319.511308 114.170525
294.478848 133.375390
103.332163 148.327826
101.983402 154.283604
288.953285 149.619105
322.581940 154.271689
298.973030 143.059035
301.073345 141.273030
309.548946 163.406215
288.383606 120.520067
302.381836 127.672442
311.360096 160.409476
289.458921 143.548346
310.833631 146.617000
303.918124 138.888139
303.900247 144.741832
299.552017 130.195868
280.268007 153.562261
