3
192.983675 226.227954
189.929635 220.884201
354.040482 140.858177
167.873023 188.970910
209.804319 209.957005
185.397162 199.589859
96.038542 150.009202
184.248326 184.938356
84.882377 165.608298
211.947946 171.765466
247.292710 203.889407
189.395721 216.626431
327.887114 141.209299
181.213503 170.381166
209.157964 205.416708
89.379628 164.602979
197.369521 186.688774
99.304503 145.615727
313.773622 138.323714
287.179628 151.740872
340.752572 154.481144
98.944856 156.221590
214.050413 185.336986
218.627037 178.604955
182.668118 186.420121
213.774352 195.662683
315.517693 140.579564
207.480320 206.036890
215.732830 203.674628
194.416636 224.568441
212.484312 205.401163
338.815240 139.238157
190.153529 215.414076
294.198619 121.779491
265.896263 136.283014
299.435179 157.910775
206.194491 207.250125
326.776291 138.823272
271.020925 137.867296
285.921775 141.736334
104.446808 141.954235
190.636979 196.031898
93.624426 161.540416
201.072081 205.596619
202.881848 194.309237
100.393530 143.799248
85.726748 162.954888
206.198041 237.260635
98.228974 153.422668
103.592031 137.761474
97.984462 157.450373
170.946096 202.584412
290.432714 158.740861
101.927725 159.456310
302.366572 140.798517
219.145919 225.320583
105.142379 149.747499
200.985763 201.875158
203.555625 211.078862
229.622966 214.042036
93.797652 157.754511
312.321055 128.671692
182.834146 166.040609
287.111473 139.029359
343.598553 152.622913
175.244993 195.827127
185.778257 191.230977
209.408615 203.060966
323.118201 143.345403
83.105780 174.481488
184.156945 208.596881
296.429035 117.553362
183.602146 201.750963
92.596062 169.332479
217.834522 177.595316
327.235548 164.553084
188.079332 220.445053
310.620650 145.261209
176.314360 193.162334
96.411536 157.586677
173.462742 209.981987
213.789284 179.245000
182.791994 169.492927
319.671434 139.257448
298.479118 145.760161
214.503213 224.486822
115.402825 127.786978
205.642399 195.513533
206.103091 162.334449
199.055399 260.843940
95.874778 158.828978
297.533878 152.621818
288.633356 127.439830
206.006541 187.938788
199.603758 227.756115
191.388817 183.930394
277.666205 118.743577
210.818405 210.521981
219.016005 209.136987
278.250966 152.836897
193.468888 181.795836
92.121465 159.969785
275.487181 122.959177
98.825941 156.137587
275.025584 143.205930
199.363326 172.241103
232.795501 223.707512
331.844217 125.137135
191.691928 164.044771
327.031193 155.892729
195.835027 214.102857
106.997981 147.794949
299.382715 143.143978
179.228500 186.648703
187.331712 159.757991
203.596561 195.022424
93.440500 156.120324
225.905504 200.703753
118.000650 143.165471
323.708845 126.672116
319.960992 144.318097
123.765962 130.177222
207.244462 171.907526
198.548471 164.784209
180.735319 169.571699
192.550930 220.089406
218.089343 221.992383
189.993919 171.989075
305.049418 131.465200
212.930840 222.361969
282.358133 117.191028
273.021456 126.849944
276.383681 136.214099
85.111063 154.532474
317.667768 134.451023
201.432725 218.884949
213.222458 219.963452
302.320145 154.113203
231.304247 222.074456
282.693812 151.034260
206.427147 183.374966
95.773600 155.498129
317.850001 161.264145
282.378205 123.534946
204.365811 196.027411
307.005118 150.620580
195.129455 213.439816
275.433547 133.997014
204.006023 216.577367
284.006367 153.468467
204.666208 239.529980
201.228977 216.986308
301.665425 148.193455
217.583798 217.155253
194.764297 215.042571
209.681035 233.652698
211.629958 191.023849
198.420290 170.949951
224.810709 191.523757
216.060496 246.187354
277.672098 137.222797
118.977215 132.235078
200.553965 177.732078
300.292413 132.941625
181.618525 225.495782
278.340860 131.629076
299.004484 136.870821
204.309614 231.080712
245.942186 113.640016
224.095068 238.375776
274.836202 140.247415
223.885921 206.046658
323.102920 137.725802
269.802971 131.101513
198.737063 222.052659
181.203798 186.658446
202.750137 207.980988
266.380610 120.684484
318.698560 168.127859
293.008581 113.443792
204.134395 224.488909
94.942842 146.544693
212.605675 244.266823
190.464712 197.312741
314.437335 145.541364
182.063128 186.519113
323.640336 152.132511
188.683121 183.589192
196.277809 215.685646
197.345997 159.299165
211.525916 238.110121
188.015705 180.949835
87.817854 165.839949
95.468720 152.193003
185.392993 190.377740
202.496852 186.406144
296.771391 107.124093
296.362965 142.366846
294.354285 153.124177
192.382439 196.802044
320.531612 159.305835
316.045484 147.391319
318.964240 151.686043
208.730777 197.976549
191.494275 216.337576
302.433850 133.939929
93.665790 152.990570
101.271794 144.268518
211.261282 204.334641
306.254598 128.256323
297.978305 154.576683
211.500810 262.142700
187.807478 177.357525
200.390572 192.376296
191.657199 170.365443
283.296270 117.638898
228.450721 196.663135
324.756675 134.807128
317.146955 135.341791
215.153912 214.427810
341.016143 153.916701
187.863722 175.204998
100.367416 156.674232
201.798390 230.342444
217.786469 190.357371
296.026841 138.949511
311.320825 152.558585
298.742007 130.567957
299.371819 148.935377
97.305539 151.524761
203.068671 183.776082
201.750804 198.359979
314.354329 152.243634
105.265352 155.933707
192.678094 189.799818
318.967406 135.167729
109.527007 137.381278
178.750898 138.690463
176.659202 209.399568
92.902421 155.635315
103.255922 141.192175
205.531596 172.094285
204.234173 158.622802
204.512426 192.202999
103.701878 128.649772
296.612874 125.563613
299.760221 138.939298
184.957146 190.057256
106.599315 148.161712
201.556840 171.424235
187.609069 188.184833
213.637004 238.028240
292.975647 151.801560
324.897528 140.171042
287.048319 152.651134
203.981886 207.965820
232.030955 222.060746
201.170660 261.336614
204.047894 178.850977
93.483640 160.719686
208.247476 186.613154
195.534697 182.876549
186.528097 192.181087
281.894106 128.318691
200.537030 234.463694
189.249745 184.869422
306.804472 151.529507
329.342826 159.530803
209.165434 217.236610
113.438800 148.920231
213.330360 190.098014
89.067256 157.556118
275.078359 150.714368
96.163347 159.587242
220.609970 197.095629
286.023998 119.677108
197.495989 221.009774
164.953359 142.536088
284.202860 127.913785
292.347082 130.041392
159.954103 134.878736
288.355030 127.161125
105.556463 142.372538
215.147072 237.417258
102.633668 144.745897
206.148063 248.269826
331.988723 140.002918
305.176483 138.337847
181.340137 165.076328
287.093651 160.457394
171.008575 232.729348
93.879286 150.351010
195.387659 163.300791
183.274668 177.449315
282.459483 114.764368
101.793367 135.339988
260.107303 120.360584
209.475386 228.154736
278.213918 132.066486
100.883222 152.025885
109.933959 135.729532
251.970763 147.590081
195.423472 169.413849
325.793184 152.808090
90.077410 143.339315
306.919456 154.475725
288.700369 143.607583
192.857197 143.911231
305.232770 138.907711
200.048555 195.702876
271.276116 142.440599
326.233990 136.675019
175.195589 197.224601
206.280482 205.831798
199.656707 195.854588
197.103497 212.849018
93.612076 162.164669
283.827509 142.571053
307.772623 130.962797
205.415948 220.744385
303.300288 127.495523
196.349432 190.109301
322.389094 147.185571
297.599850 144.799870
92.732126 153.107397
314.089449 145.935456
347.698426 155.939728
300.367917 161.842282
115.315504 143.306202
200.694646 221.931160
318.518003 157.854249
310.082683 136.197657
271.797552 146.048107
278.706848 131.968482
289.109554 152.021316
116.664113 134.804373
285.413195 127.478822
270.684412 127.540597
199.277319 179.524588
316.035356 129.063492
265.464740 126.880784
266.395478 139.833262
200.213380 210.826999
217.822041 198.502461
271.599956 145.119566
215.747982 210.178838
264.113406 139.733661
114.838382 135.809075
194.879207 229.082810
107.645230 135.312626
164.787721 229.341200
206.817256 163.903111
288.742487 140.873394
184.992732 207.164304
212.659702 221.713288
180.763680 213.214428
99.238302 151.135539
178.283551 166.213071
197.655999 213.414029
206.855808 242.899577
188.004030 183.435532
121.780547 126.013792
208.289781 169.140953
264.348823 138.923919
95.986298 168.576688
191.300757 179.100059
91.170447 160.159988
92.404675 163.530863
102.912548 156.728281
343.408377 138.222387
190.579864 206.043141
310.836903 151.313019
187.623678 229.322949
98.380754 155.803236
300.191332 133.589858
202.587336 178.618164
96.779853 147.797940
290.545423 134.370024
209.309491 210.738073
260.001719 139.066804
189.149539 228.568629
332.870693 144.157927
304.089681 154.410380
107.157836 135.897427
94.733158 149.216315
108.525087 131.604935
333.577227 151.373149
311.597874 129.930921
211.285469 154.129089
315.473788 143.047187
222.083431 214.526471
305.494648 141.582329
332.919847 154.970300
285.051102 158.796217
112.269055 134.542006
312.858603 150.864808
104.627824 131.264013
293.608803 137.759131
280.552904 144.786107
319.236022 159.626198
188.178437 190.664484
297.956811 107.091231
283.157373 147.082236
307.328683 145.293389
334.099190 162.189552
258.930237 135.137298
93.752497 160.752750
229.568652 191.123508
348.485705 171.014123
190.208901 154.091014
205.689702 256.334311
203.154036 201.312464
300.075117 128.925710
95.492078 137.486049
332.648226 163.419346
298.458957 122.815237
198.201001 191.703085
168.842106 177.637221
127.089486 121.409139
336.884291 153.310488
222.220448 219.591737
108.565820 148.039952
281.857437 125.376882
211.604599 168.064712
318.892158 132.311571
191.544760 152.626608
203.913306 216.197041
296.708436 139.591923
219.433446 179.167373
334.144865 148.958829
295.645902 120.464309
209.466226 180.891650
314.680982 137.582491
320.887724 149.472703
319.026514 128.618942
312.089996 140.017672
195.735345 187.140505
219.737030 223.005701
97.976756 152.257797
192.118332 210.441877
185.148645 202.549867
117.784308 125.278935
112.479669 136.538458
197.989142 226.411358
306.598832 136.352116
276.731888 124.148655
201.115480 238.361635
259.873567 134.193563
309.009116 143.107971
89.819200 171.039732
214.920203 215.829596
312.130929 131.834275
110.073080 144.116322
295.159476 134.010398
280.498190 140.177364
199.393528 206.118920
261.853507 122.499359
194.081238 211.624157
282.579775 155.528217
231.085138 212.091797
211.289660 209.074076
104.906626 146.742140
304.942717 144.311986
196.410316 157.500602
205.827749 181.479667
197.133652 178.639784
97.292517 156.545746
294.021794 135.223289
183.810110 166.090063
196.608992 206.312258
184.321171 199.034640
104.137341 145.589257
96.437052 165.122898
232.712713 219.352501
218.190311 192.375041
190.983014 179.573052
303.261227 123.826459
260.357997 105.896761
276.742001 156.806670
224.544256 245.702095
301.993678 136.028450
98.869909 143.389968
189.686667 200.450031
193.825268 182.484694
101.161417 146.862546
91.218458 153.761856
318.151524 157.566608
188.926691 187.189721
303.721678 145.044524
198.785454 204.686751
200.833678 202.034180
213.154306 226.080730
222.280486 237.415305
213.382747 221.194256
204.822879 209.554468
190.827061 187.506225
311.419924 132.130607
295.400987 128.535236
303.338099 137.475038
302.333188 126.257243
98.260786 157.735548
186.242275 201.506986
326.658433 154.004727
292.599982 117.077376
93.584340 150.073517
308.133580 158.248970
123.522249 118.139779
252.793452 136.992290
198.502557 229.062717
102.271172 152.353264
306.118251 158.896015
189.121153 181.185970
326.394763 148.957130
189.677964 202.955915
296.857933 143.562364
171.463064 202.204028
290.324527 108.152198
193.858516 208.000699
106.092399 147.064606
164.769712 192.792092
309.123225 157.940051
186.968046 155.565889
200.269388 192.419451
201.760315 206.659793
92.578982 157.365708
302.026282 150.011404
101.149097 154.013342
296.660706 130.864017
94.121325 159.208205
309.278327 132.374960
99.749906 152.220132
317.270684 152.236267
110.576307 143.733751
219.515982 195.925557
222.051719 204.197628
290.570303 130.745001
275.620161 130.846864
177.188245 194.764568
104.433888 142.294404
94.935426 149.848087
206.559743 219.323882
331.425810 164.271597
187.792456 147.665550
330.829148 145.374883
269.719137 153.446195
92.891423 171.262261
206.016970 228.594278
115.095126 135.198496
314.834259 131.267622
95.502840 158.832443
187.014939 179.624568
101.451737 143.867228
290.341383 130.101318
211.580910 231.071910
186.143734 187.288777
210.348400 186.832989
203.029662 240.220433
268.829821 128.887043
211.003811 211.906652
101.889801 147.286893
95.074988 144.748814
301.776639 124.905796
305.095680 134.636549
298.120900 133.063725
319.902157 147.385429
215.001372 188.888843
305.843331 126.223444
204.965283 185.250392
112.005836 138.701743
323.708871 170.233442
208.794834 232.229309
102.442311 143.656711
203.016158 177.621288
95.957567 166.426794
249.831093 249.767357
314.920724 150.063115
98.567621 151.697904
191.656351 204.968131
204.489927 185.691043
217.834711 229.922827
289.714376 117.376482
100.466456 151.214203
341.417656 167.675560
288.109528 135.895762
300.561957 142.939501
292.778085 130.595958
299.829574 162.922433
288.857299 142.513146
320.040962 143.382955
188.174796 220.088833
205.366088 207.259115
199.440786 158.895805
288.520069 133.721235
302.296295 155.882377
200.740233 173.464205
345.560247 153.859085
100.312590 147.796290
196.953481 194.302458
298.287775 131.719068
91.599961 156.715866
210.516599 196.667108
309.126165 146.817521
189.030937 194.148134
318.765519 141.825574
194.020082 199.010521
307.074205 161.070062
126.189983 132.064144
306.278999 135.811258
204.536034 193.620744
227.840307 212.600127
305.503275 120.499593
312.205862 131.145912
279.036195 139.388925
114.832370 149.812111
97.326611 150.809833
209.620593 196.798450
260.541820 146.051108
101.472155 135.751852
203.924560 186.007789
103.296273 156.718651
308.937560 136.523416
185.706353 201.190510
313.501615 132.767156
213.617468 199.144485
323.656637 155.106280
191.687642 185.889980
229.162150 219.286656
268.770830 143.747063
317.782928 141.965569
106.752318 146.083250
216.398774 205.043701
199.785440 190.687547
315.834676 155.865023
284.946944 142.157558
198.609433 160.571926
270.406277 132.795699
204.293835 191.743856
227.720238 242.606386
188.593968 198.261152
323.650499 138.784311
216.664377 213.238732
238.060640 229.706078
304.602957 124.873923
289.810707 137.183533
284.456415 131.608929
207.846826 177.262596
232.580222 249.353641
307.308897 131.989072
161.807150 163.642096
205.186562 225.136591
318.032043 141.859365
184.469518 187.426931
334.704625 154.498207
299.162489 123.813796
197.566855 187.412161
193.579249 216.689545
321.097571 142.646153
167.473725 174.450393
121.570834 130.667034
200.088845 181.321108
324.492987 133.483582
97.659786 158.504715
194.024015 163.638820
88.496610 162.879199
83.860905 152.183979
262.838629 117.016180
203.687959 210.992840
174.481803 153.426809
318.115085 144.530388
215.713643 195.913048
184.213401 188.851949
101.539346 139.302344
317.814645 156.908535
338.297481 150.045796
293.914750 119.971975
276.397496 142.193717
226.235967 230.027380
330.068155 133.370032
172.692338 189.935315
258.471106 137.659772
276.152272 145.628286
199.503276 213.185693
285.443383 129.014132
197.499157 211.700365
105.716736 143.301649
277.124216 155.237116
89.570725 152.228931
201.531941 205.781600
97.547363 140.959580
332.434126 160.032996
104.972560 149.204974
327.663900 138.295823
297.750892 141.143474
321.485510 129.312873
219.240022 228.486294
275.364579 116.530285
96.750954 162.238690
309.465500 142.118299
92.191123 157.223207
210.596639 195.010566
319.639923 164.952783
207.493425 245.164456
198.660547 220.584514
222.703909 215.524249
108.362031 133.744264
210.401770 210.725123
110.871982 138.914163
78.169612 173.055625
113.536084 134.551968
194.900224 202.249946
326.628814 155.030781
72.825680 172.025195
285.984627 123.935551
314.883795 138.890276
205.452304 208.070264
108.025793 141.543551
197.287842 219.351895
88.009848 160.218419
220.076724 212.393460
296.047031 134.696945
202.693937 147.030971
324.698632 140.790338
212.889235 191.727408
313.850974 138.223914
317.589467 152.813275
89.558473 153.203017
326.270778 148.619307
305.631068 139.151780
188.057767 215.576681
223.111952 188.169212
286.839812 124.387474
190.456445 214.462658
201.773756 182.160332
105.585528 139.638561
174.259252 199.796239
217.483967 149.459145
95.935475 149.398547
222.003656 234.890398
199.157746 214.306420
199.080754 185.748106
198.878550 168.019313
185.164211 123.531491
298.492762 136.753383
303.111081 157.011068
200.656760 179.374935
273.515173 152.299637
202.172559 221.434356
172.008364 214.790126
291.237537 125.670678
295.841086 128.345409
210.848378 239.073337
321.092109 126.227299
194.229917 211.005726
198.442576 160.284740
195.839905 204.313814
284.901750 133.800285
290.060695 141.110186
306.542378 128.728026
204.385136 235.361434
301.909828 155.239841
214.157273 199.643989
81.174225 167.460968
92.841962 155.496666
197.235568 192.926357
317.454279 137.098477
98.449631 148.153378
295.074490 147.063368
196.626665 204.575331
91.477041 167.808972
263.824593 145.480363
303.662283 135.932215
290.150190 126.338816
101.562759 150.821439
316.869941 137.716345
93.795278 154.214666
288.225078 141.913491
198.876992 200.343285
89.669793 172.876780
314.339174 136.379615
196.567891 156.175844
180.518306 170.533523
240.718001 134.834512
97.122173 159.922303
200.709887 183.161490
196.363126 176.348152
298.921450 132.733415
314.405711 147.898786
303.848389 146.517860
289.211254 132.801103
85.366769 177.991060
295.647930 119.106853
198.764929 203.789414
202.839076 159.979406
210.612118 202.010749
77.127634 168.004810
289.797148 129.532184
84.992708 157.151147
298.016024 135.286076
331.417931 164.761578
112.520972 138.794762
289.917215 133.658092
322.480209 119.345643
194.040736 182.304616
125.012976 127.469646
307.897341 117.902702
210.402494 248.249958
207.198690 166.961884
303.413281 130.732493
195.808257 193.338070
103.008915 157.889051
288.694694 152.275462
299.375891 147.840248
300.117902 123.630086
307.471691 156.131499
185.794639 181.548684
308.295655 145.027838
308.714615 135.120567
320.869400 154.027441
289.894945 137.551671
284.724546 139.573348
189.913719 170.398706
195.720794 188.768924
214.436233 182.044442
223.366386 221.696270
272.994630 136.939911
277.813809 152.627085
305.306066 139.256515
317.838538 128.961166
298.078403 158.839765
187.839886 192.143213
194.694500 173.581623
312.379347 144.613827
313.247236 139.996804
312.656909 164.552798
101.271375 147.005028
299.728296 137.301249
190.677954 209.518206
181.819044 192.868699
208.441742 252.682039
102.207325 148.042378
175.187754 204.244589
296.902317 141.649494
220.778863 219.071106
222.995730 259.412328
303.054502 134.183212
101.117558 145.902443
293.081396 151.447416
312.129073 145.395739
199.095918 196.551727
104.228105 148.148212
287.592708 115.678828
197.950525 189.730621
291.352167 137.628266
343.139297 157.447059
268.488779 137.789839
224.234671 190.134343
101.219353 144.482807
199.954177 163.742583
218.279591 160.240487
196.029716 213.787871
332.751508 159.834924
203.019565 192.138705
303.608023 130.914933
112.475376 122.121033
228.983275 224.283362
84.936214 168.915489
207.390892 219.012463
188.568535 170.882652
307.799867 131.139379
188.364612 218.140308
297.943444 139.726661
194.873150 198.983784
214.321109 234.389745
92.509604 149.208006
103.134678 155.335093
182.146824 218.970347
203.663946 218.467898
299.072452 138.693570
103.887161 155.307903
326.663750 164.211341
179.791273 197.004961
209.839865 191.385037
292.010967 131.822094
118.077741 140.378450
201.824342 229.525824
101.384634 153.627900
165.760714 187.837132
303.140692 170.789404
191.985585 217.085808
191.557179 203.490895
241.324216 202.865277
192.232368 190.703329
210.962370 179.006854
316.550247 139.414927
216.328734 250.114600
298.676768 158.685348
280.432250 147.166609
89.430446 166.554424
183.293738 199.655833
203.332980 191.826315
218.023509 199.774987
291.217785 161.768099
105.777006 126.618179
208.521037 169.993191
95.218097 159.323898
217.361265 187.267719
314.945645 146.500872
285.690134 136.845421
218.678406 220.736068
300.546952 138.403037
95.438696 155.713792
101.220290 143.954529
186.358611 181.858264
195.731599 171.079230
184.364775 192.261428
300.041627 129.583066
98.367145 145.431263
110.776706 140.412877
269.543618 157.108819
301.045125 122.906868
290.120331 134.721458
271.650869 140.606143
313.166523 155.349025
317.801053 137.549789
323.025509 142.888614
209.531182 202.948626
288.705628 137.600795
292.973419 137.395649
202.350044 227.116470
284.685909 133.185715
226.583289 201.398000
92.837126 159.985936
217.037456 166.107550
310.930012 136.063798
192.553857 188.873325
209.854353 247.265880
94.206388 155.715539
214.176496 168.096296
320.976467 157.744419
96.339340 146.393693
100.204514 158.035740
197.373739 196.068573
110.417536 138.054865
184.032434 188.861271
172.613160 155.817628
285.174714 135.192602
186.823367 192.534820
74.734748 162.344339
184.210615 200.789980
92.206345 165.595783
181.635342 192.634698
188.481446 231.981221
217.635903 212.700661
173.986932 191.148935
101.129638 147.250079
282.504020 141.083116
310.263791 155.038635
319.115213 133.747468
186.913418 131.764471
312.509225 158.276996
297.687769 141.810772
176.117399 223.432607
103.503324 145.546842
261.945507 103.159147
307.362649 164.510251
279.262295 148.018274
293.404104 135.071482
205.027291 231.911138
240.920611 122.840214
101.409434 149.978924
204.975303 201.305846
278.329301 158.057294
183.984868 231.374944
304.245840 155.359686
90.391040 161.990275
207.476858 209.346960
94.940242 165.429552
176.109401 170.239273
184.295469 184.059546
298.859068 153.933601
197.809177 208.513873
198.805660 189.228136
213.796578 145.483685
294.478848 133.375390
103.332163 148.327826
101.983402 154.283604
288.953285 149.619105
215.967843 225.236329
199.273823 206.268467
200.758969 202.388872
206.752125 245.414020
288.383606 120.520067
201.684212 174.996071
311.360096 160.409476
289.458921 143.548346
207.660534 211.647451
202.770532 197.202481
202.757891 208.912486
199.683228 180.457342
186.047374 230.014205
293.369609 135.462045
310.493105 156.615293
92.918928 151.707333
197.625185 183.914543
200.884124 188.160399
199.284739 215.656195
305.083115 156.771087
296.140701 133.529793
318.053599 154.922586
312.727059 142.752500
185.997106 192.521458
281.252652 150.000528
294.032323 153.089732
199.818998 235.442879
120.851574 114.038708
194.963912 246.145417
292.010958 145.328033
293.398335 129.433934
287.271210 139.230209
97.201704 153.186284
320.529729 154.367267
98.621574 148.953540
239.096833 184.075045
279.992399 120.392716
304.333778 140.853237
88.398931 155.318172
228.954987 188.420940
203.411091 189.544360
216.843394 231.302158
284.428343 111.527816
329.047918 143.196294
294.714550 145.109169
198.266367 220.986889
329.623151 141.104951
116.362445 126.824288
322.550883 152.966092
190.617785 160.855944
288.525809 123.387972
186.040149 188.454570
311.465202 129.605961
210.360734 248.587857
217.080241 200.964524
86.913470 147.102448
191.854684 188.091325
257.136871 140.964727
295.418088 146.005876
198.920129 174.741903
270.695098 127.538452
315.016206 146.938055
185.547132 217.422332
194.876357 172.484258
90.295861 153.540984
305.942934 164.155515
205.442873 209.912587
108.074508 137.950325
86.286052 161.807479
262.033196 109.944495
294.742267 131.374133
311.044516 155.742285
195.094359 193.779668
296.165924 153.923212
196.092271 219.995337
183.412851 210.200152
189.695325 184.939206
187.398900 222.109274
309.327053 136.069895
192.823405 189.147238
97.354021 154.035491
86.409321 168.764721
204.022390 192.745766
297.450420 129.919310
288.479404 122.009003
173.011707 214.285108
319.152702 140.393946
331.205025 145.865042
197.985087 194.471158
96.148771 158.524822
195.303763 173.146885
248.277099 153.843469
309.873420 133.721055
173.971896 192.116109
202.341153 189.854219
203.792241 154.339568
212.238021 161.299890
330.138421 144.979011
230.151580 195.812594
199.774410 167.122993
334.081218 136.390053
202.820161 155.802099
204.847811 211.211391
198.548364 218.798168
308.306487 159.535913
212.011211 202.815811
282.433057 143.522947
205.257185 194.772997
268.524646 119.812407
205.946193 180.618544
182.390223 189.746179
202.086949 199.877350
290.641804 120.813001
204.070873 212.854904
292.401699 133.732091
295.341456 148.474699
208.651576 264.936695
259.987188 139.506931
284.551470 143.227456
102.087857 136.539442
303.660585 137.955592
309.634839 149.040804
334.957957 165.031762
300.453860 170.498968
202.248910 181.762782
289.782498 136.877572
174.936221 179.600735
270.066574 143.002987
186.201605 177.313384
311.311774 147.665031
294.543779 143.292079
332.650973 135.012208
84.401429 165.404927
108.804835 133.123276
288.209641 141.618349
221.657126 202.298278
203.054528 249.810909
214.954435 218.311666
335.141959 139.313672
308.499540 140.917407
196.010322 161.859297
107.053798 137.114384
285.988038 128.126784
221.526271 300.089352
97.573314 149.629988
212.233209 230.931985
277.390467 148.678847
318.046000 142.073296
309.408538 146.633992
319.024409 156.213766
204.691380 175.332229
111.646772 135.672289
97.021198 157.875530
294.897303 137.191115
188.830900 245.650336
333.160137 158.366843
294.747503 138.238394
196.249591 175.174177
295.515910 134.738937
314.300403 138.114922
325.424434 159.792506
336.197587 158.617432
309.450579 150.166517
272.276471 130.792803
184.479274 188.849105
111.675076 139.641442
94.936856 163.193183
113.318474 144.793198
289.170785 134.704714
105.580261 131.096105
295.955208 142.186104
97.606259 144.316567
281.979969 126.016355
265.770629 123.074978
255.035829 132.625305
197.814727 167.764474
315.363609 138.040666
203.156066 206.102871
99.297365 146.368202
195.217110 190.881680
90.507242 171.859331
309.936137 156.175143
278.232469 137.266193
222.159465 232.632767
223.562321 162.539018
203.312822 201.540496
238.010134 213.128360
322.197252 164.814771
310.510790 150.746898
276.007963 133.795694
104.147395 145.928694
203.044743 208.351848
189.182215 223.834966
80.935419 161.477358
202.944602 203.177260
202.266676 173.688456
293.161412 141.561663
212.257609 213.313805
306.024316 150.416760
206.446973 246.711619
93.845506 162.377059
335.737833 153.393910
212.957431 232.157475
223.522812 185.623388
273.389213 136.208095
179.423911 164.794612
297.452670 121.541044
108.238926 135.083379
201.301101 192.064254
288.886083 127.590931
191.180957 202.184135
323.608906 130.704749
98.206961 156.140742
213.521127 189.933695
195.530701 214.141766
104.710617 139.506467
328.368012 157.132811
213.572896 197.918442
201.300306 207.287585
189.815315 198.572626
311.734847 141.077302
102.931352 139.426500
245.793075 115.001264
308.464924 129.226923
325.354788 137.313752
280.851831 117.977415
261.573819 141.512810
294.712196 142.791482
192.479562 217.569525
263.406717 119.983006
307.910559 151.681614
215.264601 206.377518
84.189178 165.036888
196.970479 191.508767
222.025628 252.469731
87.916611 141.797955
278.580970 111.382121
183.917358 164.978131
185.328011 200.855826
302.589388 132.061862
199.682671 196.108804
188.518189 189.615352
79.756383 170.112083
190.252425 193.519154
299.491984 150.670172
192.868729 187.695403
187.583972 187.404302
298.216240 146.684250
183.052189 149.028915
185.247682 170.427409
186.434108 226.735722
208.396370 183.401934
209.236360 169.517265
184.021274 158.406933
104.149061 153.947556
93.871120 150.061435
107.231038 151.369060
333.142176 131.008616
187.030076 176.549502
201.303055 209.599755
193.238829 177.678901
318.106763 142.807201
92.278517 164.203578
318.075583 146.873044
277.942672 136.498543
180.437612 216.206718
317.850920 144.384358
109.606332 141.352693
277.613128 130.047487
185.773251 173.963623
285.397280 141.568319
161.336018 172.628000
97.582143 148.476518
287.179512 160.475086
109.125589 136.012928
320.422064 143.479731
258.118257 139.811012
88.668025 152.897523
184.536279 140.068951
83.945838 164.916686
201.118553 205.493254
188.522990 191.765705
193.256612 188.881258
199.477266 177.498390
333.066477 147.248764
211.804550 202.140242
187.499884 211.077520
206.346777 184.891686
198.062531 177.515864
103.546343 151.325816
304.173079 146.539950
281.234046 138.526870
174.508765 210.813702
95.746354 161.864398
90.558960 159.995408
183.853870 173.916770
273.645079 118.185249
100.625117 149.460179
216.250537 210.595706
196.358468 190.577795
204.989263 185.472257
203.270363 184.969810
203.598815 192.438879
297.101274 115.029867
214.500804 233.490555
104.471198 149.254217
329.101709 143.346462
224.890838 226.509555
181.247446 177.330500
181.893589 161.499271
197.671525 165.049107
302.403585 149.951309
295.200171 162.541875
319.768238 155.468805
196.852266 224.094994
188.365210 228.988060
193.742118 191.429163
181.362647 215.753664
194.851419 176.195642
320.028394 159.986575
110.129038 135.266142
106.077588 147.367688
330.812811 136.795082
210.396469 226.241902
307.709669 151.618631
193.723892 170.593354
258.506038 119.599293
202.663689 182.734975
215.183141 208.800601
304.204215 140.859889
312.359258 137.374770
203.669505 256.097071
180.973852 178.125449
104.781452 143.074272
176.472229 178.099864
90.531810 149.963463
318.074499 137.270186
109.096249 137.932952
309.229970 146.733278
198.535714 168.943306
190.369113 192.155637
93.901758 153.975444
322.187571 148.126269
196.484047 198.046604
175.839864 201.756690
178.775001 173.504369
287.656065 141.152312
206.646160 203.908439
340.783904 158.255372
206.346510 193.795887
190.227774 177.776107
130.123264 117.020265
195.030303 191.455714
191.878344 225.012261
310.469200 141.236264
197.005816 211.566686
194.373159 201.657155
203.821825 179.767363
275.443965 118.168624
229.669956 239.685463
100.817564 148.898864
318.538658 139.524787
295.566347 135.392162
181.493404 190.736289
209.965783 145.619907
203.904145 178.407143
283.433161 128.855082
90.463382 150.233918
318.214970 132.205506
89.412892 154.780974
283.090310 124.162964
302.566223 130.690124
198.925949 198.794440
193.718983 196.677605
322.058914 144.887653
212.289928 191.798545
88.651482 162.923870
204.165507 208.638827
212.049822 200.494109
297.269522 145.992379
309.157259 136.875064
84.844162 171.345886
172.361471 182.602108
317.316565 144.162453
315.086399 154.405853
317.546553 140.071346
105.564082 138.195678
214.839212 192.872092
188.168521 206.465256
96.931743 151.384747
297.704201 128.978184
342.513870 160.862171
300.918696 133.514615
288.452021 145.257700
192.577789 218.899757
229.658730 204.213003
167.439334 186.920895
205.120382 234.161789
104.700425 134.976892
106.271505 141.523538
100.539460 157.718259
321.473745 133.858692
223.775402 195.722403
210.454174 188.744603
306.172971 154.444944
192.166620 199.452101
353.113034 164.060076
169.662509 192.568322
323.863997 166.300423
316.834410 147.486812
207.652763 220.163697
230.519938 226.964585
93.305501 147.866083
327.683722 143.368684
212.655870 174.661887
176.318942 190.663286
321.256157 137.382199
278.607963 146.637003
95.243340 155.216052
219.063851 197.518952
197.923490 215.571923
206.454972 190.446192
278.978435 132.626692
213.117064 224.241021
310.053265 156.669910
277.042678 124.950360
87.559706 157.622079
303.715592 141.515924
317.118600 142.069453
286.102479 124.552541
231.644902 206.947252
318.319877 159.237137
194.069708 159.324180
124.836798 138.249097
306.886103 158.931737
192.569361 205.305916
186.288775 187.854010
304.077321 127.589156
297.188868 148.635092
287.188076 134.950480
204.355655 189.627030
184.860432 183.710331
204.072492 215.234637
275.950918 143.078924
79.522178 161.533903
100.746776 157.800683
207.893371 249.126757
311.428582 128.724141
208.096740 208.473728
281.658349 143.022103
215.002790 203.122394
105.282779 162.582158
280.809193 120.837310
340.428975 156.432962
99.549027 153.828776
271.864740 143.801589
104.772424 137.409262
203.645473 229.344176
329.823364 150.120560
300.565231 141.167790
275.771380 136.754522
200.400019 225.955409
276.603102 130.338450
307.392846 155.071992
223.359383 206.124965
100.598314 146.009230
203.491073 158.251881
300.119084 159.053800
190.910213 199.572603
87.639282 154.969467
88.332178 168.994330
175.677507 187.053803
211.627473 196.709860
207.188375 233.074705
193.930185 206.064742
187.489819 200.289366
297.191751 130.209828
188.072718 205.971728
104.219522 149.246798
205.532141 181.896321
331.245464 143.684120
208.289792 243.446762
259.629272 142.576533
194.353316 188.233069
284.499238 132.572311
290.541460 137.172341
198.923824 221.908743
98.758344 146.778130
196.625561 223.468169
167.472407 184.135829
210.725197 175.960683
307.051665 155.234833
198.556858 229.635767
328.533728 132.911979
325.529292 116.557251
218.019394 200.484134
306.640288 154.674242
287.759586 129.514808
196.490733 226.226068
99.758690 146.410871
176.275392 173.483299
304.962272 148.442757
258.990189 116.420881
185.604103 188.776003
74.854957 180.587490
211.047023 232.691851
191.920631 229.564050
198.407334 211.809533
107.958860 132.170190
207.027592 208.542216
219.977762 250.450188
99.240328 159.093821
91.073609 150.829069
291.989430 146.490454
288.154280 138.264115
189.655220 165.227128
198.547186 204.051467
215.232677 210.874611
215.789442 214.682179
199.702443 209.803793
333.334756 150.745936
309.563857 152.863389
313.536450 149.085023
206.718978 239.974321
209.916335 183.004774
196.570819 183.263962
291.108305 144.711864
312.259515 145.782747
280.907469 140.759756
99.983189 141.874651
202.505210 193.402614
113.791390 137.815976
114.128169 141.128708
207.959901 234.576044
292.723468 117.291643
105.297918 141.640169
191.076863 191.841805
276.917166 129.760736
196.366898 163.697907
187.459444 181.807620
199.312114 218.487317
295.249157 134.659690
204.814810 163.942887
204.005872 192.672831
185.457660 200.822534
221.174535 263.797428
98.953673 166.542822
289.832392 143.019723
114.079139 136.369511
192.944001 204.076794
208.325081 197.699225
100.473170 144.271158
286.781523 129.249544
196.289218 201.680983
290.003239 133.737771
93.908173 149.469622
183.952135 169.909811
91.648909 157.025121
103.081559 145.301272
214.196290 169.455418
289.773404 121.243415
199.173160 235.034163
204.943361 202.502362
103.582092 150.457523
298.959906 125.075245
221.984237 209.570416
190.053188 202.379104
297.841400 130.158556
209.390920 227.864266
264.602519 154.628016
167.820886 217.455812
300.040628 119.746976
317.514670 131.916891
274.856629 131.012202
101.095485 153.930086
210.124634 200.483077
202.666647 191.021291
315.799655 144.283450
109.191096 130.609281
315.661964 146.288779
96.193566 156.502076
306.188420 152.985726
303.369530 156.801510
93.476732 165.342425
175.862592 174.265250
309.817304 131.875147
321.621650 155.255540
92.864820 162.900938
86.689250 160.431072
322.493791 131.113509
220.539333 209.242196
219.131382 176.077016
171.510520 152.169744
178.700807 207.183083
210.380371 213.940894
281.044041 140.333754
268.435784 142.368231
292.462055 140.251656
304.818243 135.420410
279.952176 135.580862
267.758025 140.753520
304.547517 139.495146
306.282838 134.323345
98.339704 150.395393
96.457370 144.204365
284.079196 137.665617
119.601771 133.462282
196.518642 178.052086
196.331054 153.501059
201.953186 201.106901
94.820338 169.066686
204.727406 227.840299
108.574244 133.869707
307.932946 140.394847
196.078975 196.806550
201.952689 207.912138
172.688050 207.053349
279.333769 136.867722
194.263936 187.074601
194.331884 219.438237
202.655624 203.019847
202.430732 212.169308
314.585933 126.550833
110.077154 150.477991
179.149656 213.266837
283.957530 155.200986
192.912076 197.619384
186.276412 209.849374
188.888946 230.689185
272.592311 140.772836
312.213122 144.946875
197.210400 172.055325
110.463175 137.215755
291.848167 152.293433
93.213356 164.034842
275.693058 119.471574
100.877413 145.183083
92.590207 151.401649
295.992691 125.458529
208.792302 212.698888
306.664443 144.540015
105.741724 138.680919
339.698849 142.385387
205.358565 209.296311
95.733737 153.354249
93.900710 154.422977
172.713633 203.570650
317.753105 152.226588
292.989481 141.307998
222.439722 211.000011
206.688622 188.851967
300.426538 134.782632
101.916925 143.468462
308.774216 135.993147
229.707811 213.734887
307.544201 139.727096
89.531733 157.067139
193.801877 179.507847
186.847320 217.461305
192.025233 195.865328
306.488683 139.367879
285.125528 144.405326
267.689990 120.110593
308.509150 136.926587
205.445038 227.951379
299.887382 130.698634
223.003633 216.198570
224.192400 255.258445
321.773585 144.799894
280.171419 148.995474
331.572977 131.758039
203.280639 194.531537
320.698054 127.743859
291.161753 150.324080
275.622344 145.765384
308.622837 165.214031
287.475896 134.929951
224.587324 238.651600
191.474020 214.554106
202.525728 198.263270
216.006263 181.734604
272.530264 143.643660
228.762841 204.753641
124.752834 125.798568
217.835895 215.026637
308.920268 127.557862
183.777873 174.081594
193.910230 184.421090
111.864322 144.322907
271.602864 134.674891
216.220714 235.815479
212.739495 192.227904
102.300632 141.313757
213.631135 223.161627
200.828167 213.317442
290.263370 124.686823
296.258435 121.709771
247.337308 108.550315
84.473317 167.739971
204.109051 197.763796
337.272840 151.376579
271.054446 143.670156
93.741260 154.562412
213.012868 174.221407
302.727207 140.638469
294.203687 158.593267
182.598016 188.650076
211.790939 199.814290
183.534288 224.159724
291.868191 114.840981
189.189716 200.361959
220.066722 264.293828
157.488218 149.201483
107.386503 163.591805
312.144601 162.129399
182.442107 200.081070
87.908824 159.536090
326.372812 124.008275
299.609029 139.045659
297.982500 173.215948
180.504782 172.401430
322.899661 150.842807
103.677024 130.940447
279.087194 133.314716
309.858435 144.076744
196.158964 167.853845
107.435307 135.606206
218.320888 192.331194
329.546151 152.473665
179.805492 166.723165
85.754514 172.510591
321.807525 143.894653
95.515250 142.859944
109.101538 142.496886
102.541680 132.902672
335.962869 145.918210
309.377124 140.499435
177.120717 206.206849
211.734278 198.533079
84.355582 162.926264
277.320032 126.832504
186.107791 179.646209
278.064502 108.338321
286.311368 135.992177
198.307600 210.008977
302.311267 139.309966
312.386885 150.372917
205.875624 182.699378
211.783197 209.673339
114.622742 134.526914
278.934141 133.205088
197.406726 223.091193
102.291691 146.171103
99.517887 137.818732
262.236847 120.531555
127.036120 132.247222
183.743670 162.930235
299.244316 126.820548
290.152867 135.204372
103.930490 158.600731
308.458881 150.055135
301.215398 135.673062
307.121071 120.841327
202.094920 227.359235
94.297197 148.313702
321.305665 152.928279
288.032380 141.721702
184.927570 169.343112
208.550155 165.290976
192.928213 178.758158
307.023834 138.294435
209.041069 186.972104
205.693437 208.066463
200.366761 159.497657
221.601771 243.282413
93.903193 155.082465
230.195822 228.128181
303.259127 154.864732
184.112682 184.834939
94.870218 156.739090
258.474999 136.181595
291.084358 135.233698
208.628843 188.791759
320.777720 154.337395
211.988392 167.878344
328.890591 130.530719
192.091400 207.041229
297.036733 139.417693
178.944619 227.229362
186.006692 201.609911
297.683073 138.326063
207.244403 214.496776
311.724373 143.174255
174.579449 194.142190
214.401011 214.911909
189.515700 175.691380
197.941519 188.814262
206.097007 217.128396
100.543209 158.959496
292.561328 139.686659
276.353895 134.926416
85.080832 168.591292
86.396439 156.755942
109.784063 127.083660
113.180219 129.448666
93.110300 151.825691
287.835133 137.661133
301.430834 142.027080
200.769641 195.425842
291.441594 132.339655
310.384317 122.960196
106.458330 141.791742
177.491457 177.777224
179.686019 161.188559
203.880183 159.117226
108.093836 147.861625
91.345472 151.444679
196.970245 205.971318
85.325495 165.478116
94.707689 166.819987
305.871691 139.893794
291.677755 115.397495
318.282430 150.956863
301.632544 130.517438
221.996960 187.996685
104.833043 161.313046
205.385012 227.502013
317.805689 133.854110
84.049074 182.421210
340.369801 144.605934
96.079341 156.092578
209.429842 204.314097
81.283603 168.205328
190.653053 163.922609
317.810803 135.858706
194.002222 169.519056
274.610619 140.660949
99.523937 160.369419
109.041655 133.131954
200.262892 197.956785
321.086207 131.688272
183.891762 214.177949
344.860071 136.218727
293.405345 150.501665
201.862299 182.130479
87.076389 157.545901
188.095576 181.820932
90.872305 156.478738
219.063979 191.428487
279.883001 153.852160
326.644444 134.831989
287.334689 146.058482
218.843168 236.774797
198.815335 239.387125
196.666842 157.357022
122.478582 133.961087
291.453567 157.342730
197.865451 224.600899
83.276933 178.807626
329.862643 135.748045
222.402606 231.684726
195.908277 183.170790
269.465217 137.049254
192.219691 180.322667
327.912736 164.546875
98.343197 149.594012
175.716488 186.821958
320.199321 128.277104
343.625658 148.208780
291.008930 133.438221
195.583749 205.957566
265.323630 110.080648
332.004691 158.361411
189.302725 172.512335
207.331467 162.416745
207.570072 215.235034
296.763700 128.003820
188.930273 198.779817
96.826065 154.811765
273.580290 145.473474
95.654559 161.063423
205.739449 198.168254
298.375594 142.251925
190.884302 185.735116
99.526404 156.989322
184.810140 170.673504
94.860610 145.367166
92.962721 163.075035
227.949132 178.686535
205.889349 198.142388
216.723585 213.368870
181.096840 193.423892
190.925131 219.447367
83.677975 175.748842
284.551171 125.843984
209.411565 166.331383
327.474309 144.584992
284.231535 141.880359
212.975880 193.325486
300.590760 123.123989
191.219520 212.117916
220.615534 253.103018
198.268446 165.314485
286.937695 146.683590
194.925198 252.983781
314.902691 155.574833
224.938121 230.632561
293.724460 153.021596
299.494681 130.387999
306.666676 147.850137
80.816341 167.761051
88.622886 167.024079
298.369707 128.675905
192.936391 212.548400
297.521473 139.773649
209.888783 182.632535
109.683019 135.851856
349.181775 150.949306
109.635210 148.167109
203.445346 226.430497
91.395850 167.162854
308.017207 147.120150
291.077329 139.854508
205.308433 206.666972
213.657632 250.425254
314.013249 151.003661
286.981195 133.815545
218.619873 168.932731
289.790197 127.677246
93.336834 153.224499
91.143729 160.183025
220.805157 175.505273
207.547085 202.475156
330.780097 133.975141
98.538233 154.673218
212.502036 224.113591
310.090512 146.972821
280.625363 126.309555
182.002970 152.806477
230.421411 219.414528
180.273064 177.065255
305.488700 131.787754
284.003591 136.278551
284.163417 160.467493
275.355282 114.556788
298.988970 141.912744
284.731307 133.749223
179.147674 206.756046
309.807712 145.543675
83.855663 162.896573
205.549725 212.273772
281.462571 132.580041
216.016897 204.540180
310.328491 147.583784
269.621117 132.562622
281.366343 145.105232
309.333469 119.087075
198.474718 182.640243
189.081662 156.423665
103.157853 144.729039
223.329793 192.008440
121.007348 130.664992
327.478056 128.914765
217.158717 189.219831
279.884629 143.676319
185.449169 176.645362
221.357046 184.892482
192.946407 201.387146
213.683874 212.969532
329.905963 145.026453
184.331481 185.073783
195.142172 176.477282
112.053843 134.257260
197.590715 151.985301
219.350706 230.264962
199.604297 197.460877
290.674514 157.691449
260.290550 140.993353
286.295122 130.440073
204.331165 183.038330
197.944873 196.119861
107.835711 142.739137
196.802883 220.257945
185.061969 193.794125
289.917966 172.738732
185.949619 178.569837
191.005958 159.199363
235.126961 232.261141
275.089469 141.072749
83.343684 169.638462
88.834630 175.890784
103.408325 146.577763
310.507867 138.370888
184.893710 227.363792
108.046537 142.445182
92.824800 160.851567
330.653531 164.285066
208.596483 194.560837
338.381046 142.927808
308.224080 163.818186
106.205475 142.244188
344.384601 157.926860
205.745445 191.680271
203.998053 161.181197
300.402723 131.402310
329.365453 141.614749
284.428592 113.249653
294.921682 141.007896
230.152110 211.041488
204.027262 228.297723
94.687945 166.993815
284.199820 113.791065
197.115802 174.451284
