3
132.983675 186.227954
129.929635 180.884201
254.040482 180.858177
107.873023 148.970910
149.804319 169.957005
125.397162 159.589859
96.038542 150.009202
124.248326 144.938356
84.882377 165.608298
151.947946 131.765466
187.292710 163.889407
129.395721 176.626431
227.887114 181.209299
121.213503 130.381166
149.157964 165.416708
89.379628 164.602979
137.369521 146.688774
99.304503 145.615727
213.773622 178.323714
187.179628 191.740872
240.752572 194.481144
98.944856 156.221590
154.050413 145.336986
158.627037 138.604955
122.668118 146.420121
153.774352 155.662683
215.517693 180.579564
147.480320 166.036890
155.732830 163.674628
134.416636 184.568441
152.484312 165.401163
238.815240 179.238157
130.153529 175.414076
194.198619 161.779491
165.896263 176.283014
199.435179 197.910775
146.194491 167.250125
226.776291 178.823272
171.020925 177.867296
185.921775 181.736334
104.446808 141.954235
130.636979 156.031898
93.624426 161.540416
141.072081 165.596619
142.881848 154.309237
100.393530 143.799248
85.726748 162.954888
146.198041 197.260635
98.228974 153.422668
103.592031 137.761474
97.984462 157.450373
110.946096 162.584412
190.432714 198.740861
101.927725 159.456310
202.366572 180.798517
159.145919 185.320583
105.142379 149.747499
140.985763 161.875158
143.555625 171.078862
169.622966 174.042036
93.797652 157.754511
212.321055 168.671692
122.834146 126.040609
187.111473 179.029359
243.598553 192.622913
115.244993 155.827127
125.778257 151.230977
149.408615 163.060966
223.118201 183.345403
83.105780 174.481488
124.156945 168.596881
196.429035 157.553362
123.602146 161.750963
92.596062 169.332479
157.834522 137.595316
227.235548 204.553084
128.079332 180.445053
210.620650 185.261209
116.314360 153.162334
96.411536 157.586677
113.462742 169.981987
153.789284 139.245000
122.791994 129.492927
219.671434 179.257448
198.479118 185.760161
154.503213 184.486822
115.402825 127.786978
145.642399 155.513533
146.103091 122.334449
139.055399 220.843940
95.874778 158.828978
197.533878 192.621818
188.633356 167.439830
146.006541 147.938788
139.603758 187.756115
131.388817 143.930394
177.666205 158.743577
150.818405 170.521981
159.016005 169.136987
178.250966 192.836897
133.468888 141.795836
92.121465 159.969785
175.487181 162.959177
98.825941 156.137587
175.025584 183.205930
139.363326 132.241103
172.795501 183.707512
231.844217 165.137135
131.691928 124.044771
227.031193 195.892729
135.835027 174.102857
106.997981 147.794949
199.382715 183.143978
119.228500 146.648703
127.331712 119.757991
143.596561 155.022424
93.440500 156.120324
165.905504 160.703753
118.000650 143.165471
223.708845 166.672116
219.960992 184.318097
123.765962 130.177222
147.244462 131.907526
138.548471 124.784209
120.735319 129.571699
132.550930 180.089406
158.089343 181.992383
129.993919 131.989075
205.049418 171.465200
152.930840 182.361969
182.358133 157.191028
173.021456 166.849944
176.383681 176.214099
85.111063 154.532474
217.667768 174.451023
141.432725 178.884949
153.222458 179.963452
202.320145 194.113203
171.304247 182.074456
182.693812 191.034260
146.427147 143.374966
95.773600 155.498129
217.850001 201.264145
182.378205 163.534946
144.365811 156.027411
207.005118 190.620580
135.129455 173.439816
175.433547 173.997014
144.006023 176.577367
184.006367 193.468467
144.666208 199.529980
141.228977 176.986308
201.665425 188.193455
157.583798 177.155253
134.764297 175.042571
149.681035 193.652698
151.629958 151.023849
138.420290 130.949951
164.810709 151.523757
156.060496 206.187354
177.672098 177.222797
118.977215 132.235078
140.553965 137.732078
200.292413 172.941625
121.618525 185.495782
178.340860 171.629076
199.004484 176.870821
144.309614 191.080712
145.942186 153.640016
164.095068 198.375776
174.836202 180.247415
163.885921 166.046658
223.102920 177.725802
169.802971 171.101513
138.737063 182.052659
121.203798 146.658446
142.750137 167.980988
166.380610 160.684484
218.698560 208.127859
193.008581 153.443792
144.134395 184.488909
94.942842 146.544693
152.605675 204.266823
130.464712 157.312741
214.437335 185.541364
122.063128 146.519113
223.640336 192.132511
128.683121 143.589192
136.277809 175.685646
137.345997 119.299165
151.525916 198.110121
128.015705 140.949835
87.817854 165.839949
95.468720 152.193003
125.392993 150.377740
142.496852 146.406144
196.771391 147.124093
196.362965 182.366846
194.354285 193.124177
132.382439 156.802044
220.531612 199.305835
216.045484 187.391319
218.964240 191.686043
148.730777 157.976549
131.494275 176.337576
202.433850 173.939929
93.665790 152.990570
101.271794 144.268518
151.261282 164.334641
206.254598 168.256323
197.978305 194.576683
151.500810 222.142700
127.807478 137.357525
140.390572 152.376296
131.657199 130.365443
183.296270 157.638898
168.450721 156.663135
224.756675 174.807128
217.146955 175.341791
155.153912 174.427810
241.016143 193.916701
127.863722 135.204998
100.367416 156.674232
141.798390 190.342444
157.786469 150.357371
196.026841 178.949511
211.320825 192.558585
198.742007 170.567957
199.371819 188.935377
97.305539 151.524761
143.068671 143.776082
141.750804 158.359979
214.354329 192.243634
105.265352 155.933707
132.678094 149.799818
218.967406 175.167729
109.527007 137.381278
118.750898 98.690463
116.659202 169.399568
92.902421 155.635315
103.255922 141.192175
145.531596 132.094285
144.234173 118.622802
144.512426 152.202999
103.701878 128.649772
196.612874 165.563613
199.760221 178.939298
124.957146 150.057256
106.599315 148.161712
141.556840 131.424235
127.609069 148.184833
153.637004 198.028240
192.975647 191.801560
224.897528 180.171042
187.048319 192.651134
143.981886 167.965820
172.030955 182.060746
141.170660 221.336614
144.047894 138.850977
93.483640 160.719686
148.247476 146.613154
135.534697 142.876549
126.528097 152.181087
181.894106 168.318691
140.537030 194.463694
129.249745 144.869422
206.804472 191.529507
229.342826 199.530803
149.165434 177.236610
113.438800 148.920231
153.330360 150.098014
89.067256 157.556118
175.078359 190.714368
96.163347 159.587242
160.609970 157.095629
186.023998 159.677108
137.495989 181.009774
104.953359 102.536088
184.202860 167.913785
192.347082 170.041392
99.954103 94.878736
188.355030 167.161125
105.556463 142.372538
155.147072 197.417258
102.633668 144.745897
146.148063 208.269826
231.988723 180.002918
205.176483 178.337847
121.340137 125.076328
187.093651 200.457394
111.008575 192.729348
93.879286 150.351010
135.387659 123.300791
123.274668 137.449315
182.459483 154.764368
101.793367 135.339988
160.107303 160.360584
149.475386 188.154736
178.213918 172.066486
100.883222 152.025885
109.933959 135.729532
151.970763 187.590081
135.423472 129.413849
225.793184 192.808090
90.077410 143.339315
206.919456 194.475725
188.700369 183.607583
132.857197 103.911231
205.232770 178.907711
140.048555 155.702876
171.276116 182.440599
226.233990 176.675019
115.195589 157.224601
146.280482 165.831798
139.656707 155.854588
137.103497 172.849018
93.612076 162.164669
183.827509 182.571053
207.772623 170.962797
145.415948 180.744385
203.300288 167.495523
136.349432 150.109301
222.389094 187.185571
197.599850 184.799870
92.732126 153.107397
214.089449 185.935456
247.698426 195.939728
200.367917 201.842282
115.315504 143.306202
140.694646 181.931160
218.518003 197.854249
210.082683 176.197657
171.797552 186.048107
178.706848 171.968482
189.109554 192.021316
116.664113 134.804373
185.413195 167.478822
170.684412 167.540597
139.277319 139.524588
216.035356 169.063492
165.464740 166.880784
166.395478 179.833262
140.213380 170.826999
157.822041 158.502461
171.599956 185.119566
155.747982 170.178838
164.113406 179.733661
114.838382 135.809075
134.879207 189.082810
107.645230 135.312626
104.787721 189.341200
146.817256 123.903111
188.742487 180.873394
124.992732 167.164304
152.659702 181.713288
120.763680 173.214428
99.238302 151.135539
118.283551 126.213071
137.655999 173.414029
146.855808 202.899577
128.004030 143.435532
121.780547 126.013792
148.289781 129.140953
164.348823 178.923919
95.986298 168.576688
131.300757 139.100059
91.170447 160.159988
92.404675 163.530863
102.912548 156.728281
243.408377 178.222387
130.579864 166.043141
210.836903 191.313019
127.623678 189.322949
98.380754 155.803236
200.191332 173.589858
142.587336 138.618164
96.779853 147.797940
190.545423 174.370024
149.309491 170.738073
160.001719 179.066804
129.149539 188.568629
232.870693 184.157927
204.089681 194.410380
107.157836 135.897427
94.733158 149.216315
108.525087 131.604935
233.577227 191.373149
211.597874 169.930921
151.285469 114.129089
215.473788 183.047187
162.083431 174.526471
205.494648 181.582329
232.919847 194.970300
185.051102 198.796217
112.269055 134.542006
212.858603 190.864808
104.627824 131.264013
193.608803 177.759131
180.552904 184.786107
219.236022 199.626198
128.178437 150.664484
197.956811 147.091231
183.157373 187.082236
207.328683 185.293389
234.099190 202.189552
158.930237 175.137298
93.752497 160.752750
169.568652 151.123508
248.485705 211.014123
130.208901 114.091014
145.689702 216.334311
143.154036 161.312464
200.075117 168.925710
95.492078 137.486049
232.648226 203.419346
198.458957 162.815237
138.201001 151.703085
108.842106 137.637221
127.089486 121.409139
236.884291 193.310488
162.220448 179.591737
108.565820 148.039952
181.857437 165.376882
151.604599 128.064712
218.892158 172.311571
131.544760 112.626608
143.913306 176.197041
196.708436 179.591923
159.433446 139.167373
234.144865 188.958829
195.645902 160.464309
149.466226 140.891650
214.680982 177.582491
220.887724 189.472703
219.026514 168.618942
212.089996 180.017672
135.735345 147.140505
159.737030 183.005701
97.976756 152.257797
132.118332 170.441877
125.148645 162.549867
117.784308 125.278935
112.479669 136.538458
137.989142 186.411358
206.598832 176.352116
176.731888 164.148655
141.115480 198.361635
159.873567 174.193563
209.009116 183.107971
89.819200 171.039732
154.920203 175.829596
212.130929 171.834275
110.073080 144.116322
195.159476 174.010398
180.498190 180.177364
139.393528 166.118920
161.853507 162.499359
134.081238 171.624157
182.579775 195.528217
171.085138 172.091797
151.289660 169.074076
104.906626 146.742140
204.942717 184.311986
136.410316 117.500602
145.827749 141.479667
137.133652 138.639784
97.292517 156.545746
194.021794 175.223289
123.810110 126.090063
136.608992 166.312258
124.321171 159.034640
104.137341 145.589257
96.437052 165.122898
172.712713 179.352501
158.190311 152.375041
130.983014 139.573052
203.261227 163.826459
160.357997 145.896761
176.742001 196.806670
164.544256 205.702095
201.993678 176.028450
98.869909 143.389968
129.686667 160.450031
133.825268 142.484694
101.161417 146.862546
91.218458 153.761856
218.151524 197.566608
128.926691 147.189721
203.721678 185.044524
138.785454 164.686751
140.833678 162.034180
153.154306 186.080730
162.280486 197.415305
153.382747 181.194256
144.822879 169.554468
130.827061 147.506225
211.419924 172.130607
195.400987 168.535236
203.338099 177.475038
202.333188 166.257243
98.260786 157.735548
126.242275 161.506986
226.658433 194.004727
192.599982 157.077376
93.584340 150.073517
208.133580 198.248970
123.522249 118.139779
152.793452 176.992290
138.502557 189.062717
102.271172 152.353264
206.118251 198.896015
129.121153 141.185970
226.394763 188.957130
129.677964 162.955915
196.857933 183.562364
111.463064 162.204028
190.324527 148.152198
133.858516 168.000699
106.092399 147.064606
104.769712 152.792092
209.123225 197.940051
126.968046 115.565889
140.269388 152.419451
141.760315 166.659793
92.578982 157.365708
202.026282 190.011404
101.149097 154.013342
196.660706 170.864017
94.121325 159.208205
209.278327 172.374960
99.749906 152.220132
217.270684 192.236267
110.576307 143.733751
159.515982 155.925557
162.051719 164.197628
190.570303 170.745001
175.620161 170.846864
117.188245 154.764568
104.433888 142.294404
94.935426 149.848087
146.559743 179.323882
231.425810 204.271597
127.792456 107.665550
230.829148 185.374883
169.719137 193.446195
92.891423 171.262261
146.016970 188.594278
115.095126 135.198496
214.834259 171.267622
95.502840 158.832443
127.014939 139.624568
101.451737 143.867228
190.341383 170.101318
151.580910 191.071910
126.143734 147.288777
150.348400 146.832989
143.029662 200.220433
168.829821 168.887043
151.003811 171.906652
101.889801 147.286893
95.074988 144.748814
201.776639 164.905796
205.095680 174.636549
198.120900 173.063725
219.902157 187.385429
155.001372 148.888843
205.843331 166.223444
144.965283 145.250392
112.005836 138.701743
223.708871 210.233442
148.794834 192.229309
102.442311 143.656711
143.016158 137.621288
95.957567 166.426794
189.831093 209.767357
214.920724 190.063115
98.567621 151.697904
131.656351 164.968131
144.489927 145.691043
157.834711 189.922827
189.714376 157.376482
100.466456 151.214203
241.417656 207.675560
188.109528 175.895762
200.561957 182.939501
192.778085 170.595958
199.829574 202.922433
188.857299 182.513146
220.040962 183.382955
128.174796 180.088833
145.366088 167.259115
139.440786 118.895805
188.520069 173.721235
202.296295 195.882377
140.740233 133.464205
245.560247 193.859085
100.312590 147.796290
136.953481 154.302458
198.287775 171.719068
91.599961 156.715866
150.516599 156.667108
209.126165 186.817521
129.030937 154.148134
218.765519 181.825574
134.020082 159.010521
207.074205 201.070062
126.189983 132.064144
206.278999 175.811258
144.536034 153.620744
167.840307 172.600127
205.503275 160.499593
212.205862 171.145912
179.036195 179.388925
114.832370 149.812111
97.326611 150.809833
149.620593 156.798450
160.541820 186.051108
101.472155 135.751852
143.924560 146.007789
103.296273 156.718651
208.937560 176.523416
125.706353 161.190510
213.501615 172.767156
153.617468 159.144485
223.656637 195.106280
131.687642 145.889980
169.162150 179.286656
168.770830 183.747063
217.782928 181.965569
106.752318 146.083250
156.398774 165.043701
139.785440 150.687547
215.834676 195.865023
184.946944 182.157558
138.609433 120.571926
170.406277 172.795699
144.293835 151.743856
167.720238 202.606386
128.593968 158.261152
223.650499 178.784311
156.664377 173.238732
178.060640 189.706078
204.602957 164.873923
189.810707 177.183533
184.456415 171.608929
147.846826 137.262596
172.580222 209.353641
207.308897 171.989072
101.807150 123.642096
145.186562 185.136591
218.032043 181.859365
124.469518 147.426931
234.704625 194.498207
199.162489 163.813796
137.566855 147.412161
133.579249 176.689545
221.097571 182.646153
107.473725 134.450393
121.570834 130.667034
140.088845 141.321108
224.492987 173.483582
97.659786 158.504715
134.024015 123.638820
88.496610 162.879199
83.860905 152.183979
162.838629 157.016180
143.687959 170.992840
114.481803 113.426809
218.115085 184.530388
155.713643 155.913048
124.213401 148.851949
101.539346 139.302344
217.814645 196.908535
238.297481 190.045796
193.914750 159.971975
176.397496 182.193717
166.235967 190.027380
230.068155 173.370032
112.692338 149.935315
158.471106 177.659772
176.152272 185.628286
139.503276 173.185693
185.443383 169.014132
137.499157 171.700365
105.716736 143.301649
177.124216 195.237116
89.570725 152.228931
141.531941 165.781600
97.547363 140.959580
232.434126 200.032996
104.972560 149.204974
227.663900 178.295823
197.750892 181.143474
221.485510 169.312873
159.240022 188.486294
175.364579 156.530285
96.750954 162.238690
209.465500 182.118299
92.191123 157.223207
150.596639 155.010566
219.639923 204.952783
147.493425 205.164456
138.660547 180.584514
162.703909 175.524249
108.362031 133.744264
150.401770 170.725123
110.871982 138.914163
78.169612 173.055625
113.536084 134.551968
134.900224 162.249946
226.628814 195.030781
72.825680 172.025195
185.984627 163.935551
214.883795 178.890276
145.452304 168.070264
108.025793 141.543551
137.287842 179.351895
88.009848 160.218419
160.076724 172.393460
196.047031 174.696945
142.693937 107.030971
224.698632 180.790338
152.889235 151.727408
213.850974 178.223914
217.589467 192.813275
89.558473 153.203017
226.270778 188.619307
205.631068 179.151780
128.057767 175.576681
163.111952 148.169212
186.839812 164.387474
130.456445 174.462658
141.773756 142.160332
105.585528 139.638561
114.259252 159.796239
157.483967 109.459145
95.935475 149.398547
162.003656 194.890398
139.157746 174.306420
139.080754 145.748106
138.878550 128.019313
125.164211 83.531491
198.492762 176.753383
203.111081 197.011068
140.656760 139.374935
173.515173 192.299637
142.172559 181.434356
112.008364 174.790126
191.237537 165.670678
195.841086 168.345409
150.848378 199.073337
221.092109 166.227299
134.229917 171.005726
138.442576 120.284740
135.839905 164.313814
184.901750 173.800285
190.060695 181.110186
206.542378 168.728026
144.385136 195.361434
201.909828 195.239841
154.157273 159.643989
81.174225 167.460968
92.841962 155.496666
137.235568 152.926357
217.454279 177.098477
98.449631 148.153378
195.074490 187.063368
136.626665 164.575331
91.477041 167.808972
163.824593 185.480363
203.662283 175.932215
190.150190 166.338816
101.562759 150.821439
216.869941 177.716345
93.795278 154.214666
188.225078 181.913491
138.876992 160.343285
89.669793 172.876780
214.339174 176.379615
136.567891 116.175844
120.518306 130.533523
140.718001 174.834512
97.122173 159.922303
140.709887 143.161490
136.363126 136.348152
198.921450 172.733415
214.405711 187.898786
203.848389 186.517860
189.211254 172.801103
85.366769 177.991060
195.647930 159.106853
138.764929 163.789414
142.839076 119.979406
150.612118 162.010749
77.127634 168.004810
189.797148 169.532184
84.992708 157.151147
198.016024 175.286076
231.417931 204.761578
112.520972 138.794762
189.917215 173.658092
222.480209 159.345643
134.040736 142.304616
125.012976 127.469646
207.897341 157.902702
150.402494 208.249958
147.198690 126.961884
203.413281 170.732493
135.808257 153.338070
103.008915 157.889051
188.694694 192.275462
199.375891 187.840248
200.117902 163.630086
207.471691 196.131499
125.794639 141.548684
208.295655 185.027838
208.714615 175.120567
220.869400 194.027441
189.894945 177.551671
184.724546 179.573348
129.913719 130.398706
135.720794 148.768924
154.436233 142.044442
163.366386 181.696270
172.994630 176.939911
177.813809 192.627085
205.306066 179.256515
217.838538 168.961166
198.078403 198.839765
127.839886 152.143213
134.694500 133.581623
212.379347 184.613827
213.247236 179.996804
212.656909 204.552798
101.271375 147.005028
199.728296 177.301249
130.677954 169.518206
121.819044 152.868699
148.441742 212.682039
102.207325 148.042378
115.187754 164.244589
196.902317 181.649494
160.778863 179.071106
162.995730 219.412328
203.054502 174.183212
101.117558 145.902443
193.081396 191.447416
212.129073 185.395739
139.095918 156.551727
104.228105 148.148212
187.592708 155.678828
137.950525 149.730621
191.352167 177.628266
243.139297 197.447059
168.488779 177.789839
164.234671 150.134343
101.219353 144.482807
139.954177 123.742583
158.279591 120.240487
136.029716 173.787871
232.751508 199.834924
143.019565 152.138705
203.608023 170.914933
112.475376 122.121033
168.983275 184.283362
84.936214 168.915489
147.390892 179.012463
128.568535 130.882652
207.799867 171.139379
128.364612 178.140308
197.943444 179.726661
134.873150 158.983784
154.321109 194.389745
92.509604 149.208006
103.134678 155.335093
122.146824 178.970347
143.663946 178.467898
199.072452 178.693570
103.887161 155.307903
226.663750 204.211341
119.791273 157.004961
149.839865 151.385037
192.010967 171.822094
118.077741 140.378450
141.824342 189.525824
101.384634 153.627900
105.760714 147.837132
203.140692 210.789404
131.985585 177.085808
131.557179 163.490895
181.324216 162.865277
132.232368 150.703329
150.962370 139.006854
216.550247 179.414927
156.328734 210.114600
198.676768 198.685348
180.432250 187.166609
89.430446 166.554424
123.293738 159.655833
143.332980 151.826315
158.023509 159.774987
191.217785 201.768099
105.777006 126.618179
148.521037 129.993191
95.218097 159.323898
157.361265 147.267719
214.945645 186.500872
185.690134 176.845421
158.678406 180.736068
200.546952 178.403037
95.438696 155.713792
101.220290 143.954529
126.358611 141.858264
135.731599 131.079230
124.364775 152.261428
200.041627 169.583066
98.367145 145.431263
110.776706 140.412877
169.543618 197.108819
201.045125 162.906868
190.120331 174.721458
171.650869 180.606143
213.166523 195.349025
217.801053 177.549789
223.025509 182.888614
149.531182 162.948626
188.705628 177.600795
192.973419 177.395649
142.350044 187.116470
184.685909 173.185715
166.583289 161.398000
92.837126 159.985936
157.037456 126.107550
210.930012 176.063798
132.553857 148.873325
149.854353 207.265880
94.206388 155.715539
154.176496 128.096296
220.976467 197.744419
96.339340 146.393693
100.204514 158.035740
137.373739 156.068573
110.417536 138.054865
124.032434 148.861271
112.613160 115.817628
185.174714 175.192602
126.823367 152.534820
74.734748 162.344339
124.210615 160.789980
92.206345 165.595783
121.635342 152.634698
128.481446 191.981221
157.635903 172.700661
113.986932 151.148935
101.129638 147.250079
182.504020 181.083116
210.263791 195.038635
219.115213 173.747468
126.913418 91.764471
212.509225 198.276996
197.687769 181.810772
116.117399 183.432607
103.503324 145.546842
161.945507 143.159147
207.362649 204.510251
179.262295 188.018274
193.404104 175.071482
145.027291 191.911138
140.920611 162.840214
101.409434 149.978924
144.975303 161.305846
178.329301 198.057294
123.984868 191.374944
204.245840 195.359686
90.391040 161.990275
147.476858 169.346960
94.940242 165.429552
116.109401 130.239273
124.295469 144.059546
198.859068 193.933601
137.809177 168.513873
138.805660 149.228136
153.796578 105.483685
194.478848 173.375390
103.332163 148.327826
101.983402 154.283604
188.953285 189.619105
155.967843 185.236329
139.273823 166.268467
140.758969 162.388872
146.752125 205.414020
188.383606 160.520067
141.684212 134.996071
211.360096 200.409476
189.458921 183.548346
147.660534 171.647451
142.770532 157.202481
142.757891 168.912486
139.683228 140.457342
126.047374 190.014205
193.369609 175.462045
210.493105 196.615293
92.918928 151.707333
137.625185 143.914543
140.884124 148.160399
139.284739 175.656195
205.083115 196.771087
196.140701 173.529793
218.053599 194.922586
212.727059 182.752500
125.997106 152.521458
181.252652 190.000528
194.032323 193.089732
139.818998 195.442879
120.851574 114.038708
134.963912 206.145417
192.010958 185.328033
193.398335 169.433934
187.271210 179.230209
97.201704 153.186284
220.529729 194.367267
98.621574 148.953540
179.096833 144.075045
179.992399 160.392716
204.333778 180.853237
88.398931 155.318172
168.954987 148.420940
143.411091 149.544360
156.843394 191.302158
184.428343 151.527816
229.047918 183.196294
194.714550 185.109169
138.266367 180.986889
229.623151 181.104951
116.362445 126.824288
222.550883 192.966092
130.617785 120.855944
188.525809 163.387972
126.040149 148.454570
211.465202 169.605961
150.360734 208.587857
157.080241 160.964524
86.913470 147.102448
131.854684 148.091325
157.136871 180.964727
195.418088 186.005876
138.920129 134.741903
170.695098 167.538452
215.016206 186.938055
125.547132 177.422332
134.876357 132.484258
90.295861 153.540984
205.942934 204.155515
145.442873 169.912587
108.074508 137.950325
86.286052 161.807479
162.033196 149.944495
194.742267 171.374133
211.044516 195.742285
135.094359 153.779668
196.165924 193.923212
136.092271 179.995337
123.412851 170.200152
129.695325 144.939206
127.398900 182.109274
209.327053 176.069895
132.823405 149.147238
97.354021 154.035491
86.409321 168.764721
144.022390 152.745766
197.450420 169.919310
188.479404 162.009003
113.011707 174.285108
219.152702 180.393946
231.205025 185.865042
137.985087 154.471158
96.148771 158.524822
135.303763 133.146885
148.277099 193.843469
209.873420 173.721055
113.971896 152.116109
142.341153 149.854219
143.792241 114.339568
152.238021 121.299890
230.138421 184.979011
170.151580 155.812594
139.774410 127.122993
234.081218 176.390053
142.820161 115.802099
144.847811 171.211391
138.548364 178.798168
208.306487 199.535913
152.011211 162.815811
182.433057 183.522947
145.257185 154.772997
168.524646 159.812407
145.946193 140.618544
122.390223 149.746179
142.086949 159.877350
190.641804 160.813001
144.070873 172.854904
192.401699 173.732091
195.341456 188.474699
148.651576 224.936695
159.987188 179.506931
184.551470 183.227456
102.087857 136.539442
203.660585 177.955592
209.634839 189.040804
234.957957 205.031762
200.453860 210.498968
142.248910 141.762782
189.782498 176.877572
114.936221 139.600735
170.066574 183.002987
126.201605 137.313384
211.311774 187.665031
194.543779 183.292079
232.650973 175.012208
84.401429 165.404927
108.804835 133.123276
188.209641 181.618349
161.657126 162.298278
143.054528 209.810909
154.954435 178.311666
235.141959 179.313672
208.499540 180.917407
136.010322 121.859297
107.053798 137.114384
185.988038 168.126784
161.526271 260.089352
97.573314 149.629988
152.233209 190.931985
177.390467 188.678847
218.046000 182.073296
209.408538 186.633992
219.024409 196.213766
144.691380 135.332229
111.646772 135.672289
97.021198 157.875530
194.897303 177.191115
128.830900 205.650336
233.160137 198.366843
194.747503 178.238394
136.249591 135.174177
195.515910 174.738937
214.300403 178.114922
225.424434 199.792506
236.197587 198.617432
209.450579 190.166517
172.276471 170.792803
124.479274 148.849105
111.675076 139.641442
94.936856 163.193183
113.318474 144.793198
189.170785 174.704714
105.580261 131.096105
195.955208 182.186104
97.606259 144.316567
181.979969 166.016355
165.770629 163.074978
155.035829 172.625305
137.814727 127.764474
215.363609 178.040666
143.156066 166.102871
99.297365 146.368202
135.217110 150.881680
90.507242 171.859331
209.936137 196.175143
178.232469 177.266193
162.159465 192.632767
163.562321 122.539018
143.312822 161.540496
178.010134 173.128360
222.197252 204.814771
210.510790 190.746898
176.007963 173.795694
104.147395 145.928694
143.044743 168.351848
129.182215 183.834966
80.935419 161.477358
142.944602 163.177260
142.266676 133.688456
193.161412 181.561663
152.257609 173.313805
206.024316 190.416760
146.446973 206.711619
93.845506 162.377059
235.737833 193.393910
152.957431 192.157475
163.522812 145.623388
173.389213 176.208095
119.423911 124.794612
197.452670 161.541044
108.238926 135.083379
141.301101 152.064254
188.886083 167.590931
131.180957 162.184135
223.608906 170.704749
98.206961 156.140742
153.521127 149.933695
135.530701 174.141766
104.710617 139.506467
228.368012 197.132811
153.572896 157.918442
141.300306 167.287585
129.815315 158.572626
211.734847 181.077302
102.931352 139.426500
145.793075 155.001264
208.464924 169.226923
225.354788 177.313752
180.851831 157.977415
161.573819 181.512810
194.712196 182.791482
132.479562 177.569525
163.406717 159.983006
207.910559 191.681614
155.264601 166.377518
84.189178 165.036888
136.970479 151.508767
162.025628 212.469731
87.916611 141.797955
178.580970 151.382121
123.917358 124.978131
125.328011 160.855826
202.589388 172.061862
139.682671 156.108804
128.518189 149.615352
79.756383 170.112083
130.252425 153.519154
199.491984 190.670172
132.868729 147.695403
127.583972 147.404302
198.216240 186.684250
123.052189 109.028915
125.247682 130.427409
126.434108 186.735722
148.396370 143.401934
149.236360 129.517265
124.021274 118.406933
104.149061 153.947556
93.871120 150.061435
107.231038 151.369060
233.142176 171.008616
127.030076 136.549502
141.303055 169.599755
133.238829 137.678901
218.106763 182.807201
92.278517 164.203578
218.075583 186.873044
177.942672 176.498543
120.437612 176.206718
217.850920 184.384358
109.606332 141.352693
177.613128 170.047487
125.773251 133.963623
185.397280 181.568319
101.336018 132.628000
97.582143 148.476518
187.179512 200.475086
109.125589 136.012928
220.422064 183.479731
158.118257 179.811012
88.668025 152.897523
124.536279 100.068951
83.945838 164.916686
141.118553 165.493254
128.522990 151.765705
133.256612 148.881258
139.477266 137.498390
233.066477 187.248764
151.804550 162.140242
127.499884 171.077520
146.346777 144.891686
138.062531 137.515864
103.546343 151.325816
204.173079 186.539950
181.234046 178.526870
114.508765 170.813702
95.746354 161.864398
90.558960 159.995408
123.853870 133.916770
173.645079 158.185249
100.625117 149.460179
156.250537 170.595706
136.358468 150.577795
144.989263 145.472257
143.270363 144.969810
143.598815 152.438879
197.101274 155.029867
154.500804 193.490555
104.471198 149.254217
229.101709 183.346462
164.890838 186.509555
121.247446 137.330500
121.893589 121.499271
137.671525 125.049107
202.403585 189.951309
195.200171 202.541875
219.768238 195.468805
136.852266 184.094994
128.365210 188.988060
133.742118 151.429163
121.362647 175.753664
134.851419 136.195642
220.028394 199.986575
110.129038 135.266142
106.077588 147.367688
230.812811 176.795082
150.396469 186.241902
207.709669 191.618631
133.723892 130.593354
158.506038 159.599293
142.663689 142.734975
155.183141 168.800601
204.204215 180.859889
212.359258 177.374770
143.669505 216.097071
120.973852 138.125449
104.781452 143.074272
116.472229 138.099864
90.531810 149.963463
218.074499 177.270186
109.096249 137.932952
209.229970 186.733278
138.535714 128.943306
130.369113 152.155637
93.901758 153.975444
222.187571 188.126269
136.484047 158.046604
115.839864 161.756690
118.775001 133.504369
187.656065 181.152312
146.646160 163.908439
240.783904 198.255372
146.346510 153.795887
130.227774 137.776107
130.123264 117.020265
135.030303 151.455714
131.878344 185.012261
210.469200 181.236264
137.005816 171.566686
134.373159 161.657155
143.821825 139.767363
175.443965 158.168624
169.669956 199.685463
100.817564 148.898864
218.538658 179.524787
195.566347 175.392162
121.493404 150.736289
149.965783 105.619907
143.904145 138.407143
183.433161 168.855082
90.463382 150.233918
218.214970 172.205506
89.412892 154.780974
183.090310 164.162964
202.566223 170.690124
138.925949 158.794440
133.718983 156.677605
222.058914 184.887653
152.289928 151.798545
88.651482 162.923870
144.165507 168.638827
152.049822 160.494109
197.269522 185.992379
209.157259 176.875064
84.844162 171.345886
112.361471 142.602108
217.316565 184.162453
215.086399 194.405853
217.546553 180.071346
105.564082 138.195678
154.839212 152.872092
128.168521 166.465256
96.931743 151.384747
197.704201 168.978184
242.513870 200.862171
200.918696 173.514615
188.452021 185.257700
132.577789 178.899757
169.658730 164.213003
107.439334 146.920895
145.120382 194.161789
104.700425 134.976892
106.271505 141.523538
100.539460 157.718259
221.473745 173.858692
163.775402 155.722403
150.454174 148.744603
206.172971 194.444944
132.166620 159.452101
253.113034 204.060076
109.662509 152.568322
223.863997 206.300423
216.834410 187.486812
147.652763 180.163697
170.519938 186.964585
93.305501 147.866083
227.683722 183.368684
152.655870 134.661887
116.318942 150.663286
221.256157 177.382199
178.607963 186.637003
95.243340 155.216052
159.063851 157.518952
137.923490 175.571923
146.454972 150.446192
178.978435 172.626692
153.117064 184.241021
210.053265 196.669910
177.042678 164.950360
87.559706 157.622079
203.715592 181.515924
217.118600 182.069453
186.102479 164.552541
171.644902 166.947252
218.319877 199.237137
134.069708 119.324180
124.836798 138.249097
206.886103 198.931737
132.569361 165.305916
126.288775 147.854010
204.077321 167.589156
197.188868 188.635092
187.188076 174.950480
144.355655 149.627030
124.860432 143.710331
144.072492 175.234637
175.950918 183.078924
79.522178 161.533903
100.746776 157.800683
147.893371 209.126757
211.428582 168.724141
148.096740 168.473728
181.658349 183.022103
155.002790 163.122394
105.282779 162.582158
180.809193 160.837310
240.428975 196.432962
99.549027 153.828776
171.864740 183.801589
104.772424 137.409262
143.645473 189.344176
229.823364 190.120560
200.565231 181.167790
175.771380 176.754522
140.400019 185.955409
176.603102 170.338450
207.392846 195.071992
163.359383 166.124965
100.598314 146.009230
143.491073 118.251881
200.119084 199.053800
130.910213 159.572603
87.639282 154.969467
88.332178 168.994330
115.677507 147.053803
151.627473 156.709860
147.188375 193.074705
133.930185 166.064742
127.489819 160.289366
197.191751 170.209828
128.072718 165.971728
104.219522 149.246798
145.532141 141.896321
231.245464 183.684120
148.289792 203.446762
159.629272 182.576533
134.353316 148.233069
184.499238 172.572311
190.541460 177.172341
138.923824 181.908743
98.758344 146.778130
136.625561 183.468169
107.472407 144.135829
150.725197 135.960683
207.051665 195.234833
138.556858 189.635767
228.533728 172.911979
225.529292 156.557251
158.019394 160.484134
206.640288 194.674242
187.759586 169.514808
136.490733 186.226068
99.758690 146.410871
116.275392 133.483299
204.962272 188.442757
158.990189 156.420881
125.604103 148.776003
74.854957 180.587490
151.047023 192.691851
131.920631 189.564050
138.407334 171.809533
107.958860 132.170190
147.027592 168.542216
159.977762 210.450188
99.240328 159.093821
91.073609 150.829069
191.989430 186.490454
188.154280 178.264115
129.655220 125.227128
138.547186 164.051467
155.232677 170.874611
155.789442 174.682179
139.702443 169.803793
233.334756 190.745936
209.563857 192.863389
213.536450 189.085023
146.718978 199.974321
149.916335 143.004774
136.570819 143.263962
191.108305 184.711864
212.259515 185.782747
180.907469 180.759756
99.983189 141.874651
142.505210 153.402614
113.791390 137.815976
114.128169 141.128708
147.959901 194.576044
192.723468 157.291643
105.297918 141.640169
131.076863 151.841805
176.917166 169.760736
136.366898 123.697907
127.459444 141.807620
139.312114 178.487317
195.249157 174.659690
144.814810 123.942887
144.005872 152.672831
125.457660 160.822534
161.174535 223.797428
98.953673 166.542822
189.832392 183.019723
114.079139 136.369511
132.944001 164.076794
148.325081 157.699225
100.473170 144.271158
186.781523 169.249544
136.289218 161.680983
190.003239 173.737771
93.908173 149.469622
123.952135 129.909811
91.648909 157.025121
103.081559 145.301272
154.196290 129.455418
189.773404 161.243415
139.173160 195.034163
144.943361 162.502362
103.582092 150.457523
198.959906 165.075245
161.984237 169.570416
130.053188 162.379104
197.841400 170.158556
149.390920 187.864266
164.602519 194.628016
107.820886 177.455812
200.040628 159.746976
217.514670 171.916891
174.856629 171.012202
101.095485 153.930086
150.124634 160.483077
142.666647 151.021291
215.799655 184.283450
109.191096 130.609281
215.661964 186.288779
96.193566 156.502076
206.188420 192.985726
203.369530 196.801510
93.476732 165.342425
115.862592 134.265250
209.817304 171.875147
221.621650 195.255540
92.864820 162.900938
86.689250 160.431072
222.493791 171.113509
160.539333 169.242196
159.131382 136.077016
111.510520 112.169744
118.700807 167.183083
150.380371 173.940894
181.044041 180.333754
168.435784 182.368231
192.462055 180.251656
204.818243 175.420410
179.952176 175.580862
167.758025 180.753520
204.547517 179.495146
206.282838 174.323345
98.339704 150.395393
96.457370 144.204365
184.079196 177.665617
119.601771 133.462282
136.518642 138.052086
136.331054 113.501059
141.953186 161.106901
94.820338 169.066686
144.727406 187.840299
108.574244 133.869707
207.932946 180.394847
136.078975 156.806550
141.952689 167.912138
112.688050 167.053349
179.333769 176.867722
134.263936 147.074601
134.331884 179.438237
142.655624 163.019847
142.430732 172.169308
214.585933 166.550833
110.077154 150.477991
119.149656 173.266837
183.957530 195.200986
132.912076 157.619384
126.276412 169.849374
128.888946 190.689185
172.592311 180.772836
212.213122 184.946875
137.210400 132.055325
110.463175 137.215755
191.848167 192.293433
93.213356 164.034842
175.693058 159.471574
100.877413 145.183083
92.590207 151.401649
195.992691 165.458529
148.792302 172.698888
206.664443 184.540015
105.741724 138.680919
239.698849 182.385387
145.358565 169.296311
95.733737 153.354249
93.900710 154.422977
112.713633 163.570650
217.753105 192.226588
192.989481 181.307998
162.439722 171.000011
146.688622 148.851967
200.426538 174.782632
101.916925 143.468462
208.774216 175.993147
169.707811 173.734887
207.544201 179.727096
89.531733 157.067139
133.801877 139.507847
126.847320 177.461305
132.025233 155.865328
206.488683 179.367879
185.125528 184.405326
167.689990 160.110593
208.509150 176.926587
145.445038 187.951379
199.887382 170.698634
163.003633 176.198570
164.192400 215.258445
221.773585 184.799894
180.171419 188.995474
231.572977 171.758039
143.280639 154.531537
220.698054 167.743859
191.161753 190.324080
175.622344 185.765384
208.622837 205.214031
187.475896 174.929951
164.587324 198.651600
131.474020 174.554106
142.525728 158.263270
156.006263 141.734604
172.530264 183.643660
168.762841 164.753641
124.752834 125.798568
157.835895 175.026637
208.920268 167.557862
123.777873 134.081594
133.910230 144.421090
111.864322 144.322907
171.602864 174.674891
156.220714 195.815479
152.739495 152.227904
102.300632 141.313757
153.631135 183.161627
140.828167 173.317442
190.263370 164.686823
196.258435 161.709771
147.337308 148.550315
84.473317 167.739971
144.109051 157.763796
237.272840 191.376579
171.054446 183.670156
93.741260 154.562412
153.012868 134.221407
202.727207 180.638469
194.203687 198.593267
122.598016 148.650076
151.790939 159.814290
123.534288 184.159724
191.868191 154.840981
129.189716 160.361959
160.066722 224.293828
97.488218 109.201483
107.386503 163.591805
212.144601 202.129399
122.442107 160.081070
87.908824 159.536090
226.372812 164.008275
199.609029 179.045659
197.982500 213.215948
120.504782 132.401430
222.899661 190.842807
103.677024 130.940447
179.087194 173.314716
209.858435 184.076744
136.158964 127.853845
107.435307 135.606206
158.320888 152.331194
229.546151 192.473665
119.805492 126.723165
85.754514 172.510591
221.807525 183.894653
95.515250 142.859944
109.101538 142.496886
102.541680 132.902672
235.962869 185.918210
209.377124 180.499435
117.120717 166.206849
151.734278 158.533079
84.355582 162.926264
177.320032 166.832504
126.107791 139.646209
178.064502 148.338321
186.311368 175.992177
138.307600 170.008977
202.311267 179.309966
212.386885 190.372917
145.875624 142.699378
151.783197 169.673339
114.622742 134.526914
178.934141 173.205088
137.406726 183.091193
102.291691 146.171103
99.517887 137.818732
162.236847 160.531555
127.036120 132.247222
123.743670 122.930235
199.244316 166.820548
190.152867 175.204372
103.930490 158.600731
208.458881 190.055135
201.215398 175.673062
207.121071 160.841327
142.094920 187.359235
94.297197 148.313702
221.305665 192.928279
188.032380 181.721702
124.927570 129.343112
148.550155 125.290976
132.928213 138.758158
207.023834 178.294435
149.041069 146.972104
145.693437 168.066463
140.366761 119.497657
161.601771 203.282413
93.903193 155.082465
170.195822 188.128181
203.259127 194.864732
124.112682 144.834939
94.870218 156.739090
158.474999 176.181595
191.084358 175.233698
148.628843 148.791759
220.777720 194.337395
151.988392 127.878344
228.890591 170.530719
132.091400 167.041229
197.036733 179.417693
118.944619 187.229362
126.006692 161.609911
197.683073 178.326063
147.244403 174.496776
211.724373 183.174255
114.579449 154.142190
154.401011 174.911909
129.515700 135.691380
137.941519 148.814262
146.097007 177.128396
100.543209 158.959496
192.561328 179.686659
176.353895 174.926416
85.080832 168.591292
86.396439 156.755942
109.784063 127.083660
113.180219 129.448666
93.110300 151.825691
187.835133 177.661133
201.430834 182.027080
140.769641 155.425842
191.441594 172.339655
210.384317 162.960196
106.458330 141.791742
117.491457 137.777224
119.686019 121.188559
143.880183 119.117226
108.093836 147.861625
91.345472 151.444679
136.970245 165.971318
85.325495 165.478116
94.707689 166.819987
205.871691 179.893794
191.677755 155.397495
218.282430 190.956863
201.632544 170.517438
161.996960 147.996685
104.833043 161.313046
145.385012 187.502013
217.805689 173.854110
84.049074 182.421210
240.369801 184.605934
96.079341 156.092578
149.429842 164.314097
81.283603 168.205328
130.653053 123.922609
217.810803 175.858706
134.002222 129.519056
174.610619 180.660949
99.523937 160.369419
109.041655 133.131954
140.262892 157.956785
221.086207 171.688272
123.891762 174.177949
244.860071 176.218727
193.405345 190.501665
141.862299 142.130479
87.076389 157.545901
128.095576 141.820932
90.872305 156.478738
159.063979 151.428487
179.883001 193.852160
226.644444 174.831989
187.334689 186.058482
158.843168 196.774797
138.815335 199.387125
136.666842 117.357022
122.478582 133.961087
191.453567 197.342730
137.865451 184.600899
83.276933 178.807626
229.862643 175.748045
162.402606 191.684726
135.908277 143.170790
169.465217 177.049254
132.219691 140.322667
227.912736 204.546875
98.343197 149.594012
115.716488 146.821958
220.199321 168.277104
243.625658 188.208780
191.008930 173.438221
135.583749 165.957566
165.323630 150.080648
232.004691 198.361411
129.302725 132.512335
147.331467 122.416745
147.570072 175.235034
196.763700 168.003820
128.930273 158.779817
96.826065 154.811765
173.580290 185.473474
95.654559 161.063423
145.739449 158.168254
198.375594 182.251925
130.884302 145.735116
99.526404 156.989322
124.810140 130.673504
94.860610 145.367166
92.962721 163.075035
167.949132 138.686535
145.889349 158.142388
156.723585 173.368870
121.096840 153.423892
130.925131 179.447367
83.677975 175.748842
184.551171 165.843984
149.411565 126.331383
227.474309 184.584992
184.231535 181.880359
152.975880 153.325486
200.590760 163.123989
131.219520 172.117916
160.615534 213.103018
138.268446 125.314485
186.937695 186.683590
134.925198 212.983781
214.902691 195.574833
164.938121 190.632561
193.724460 193.021596
199.494681 170.387999
206.666676 187.850137
80.816341 167.761051
88.622886 167.024079
198.369707 168.675905
132.936391 172.548400
197.521473 179.773649
149.888783 142.632535
109.683019 135.851856
249.181775 190.949306
109.635210 148.167109
143.445346 186.430497
91.395850 167.162854
208.017207 187.120150
191.077329 179.854508
145.308433 166.666972
153.657632 210.425254
214.013249 191.003661
186.981195 173.815545
158.619873 128.932731
189.790197 167.677246
93.336834 153.224499
91.143729 160.183025
160.805157 135.505273
147.547085 162.475156
230.780097 173.975141
98.538233 154.673218
152.502036 184.113591
210.090512 186.972821
180.625363 166.309555
122.002970 112.806477
170.421411 179.414528
120.273064 137.065255
205.488700 171.787754
184.003591 176.278551
184.163417 200.467493
175.355282 154.556788
198.988970 181.912744
184.731307 173.749223
119.147674 166.756046
209.807712 185.543675
83.855663 162.896573
145.549725 172.273772
181.462571 172.580041
156.016897 164.540180
210.328491 187.583784
169.621117 172.562622
181.366343 185.105232
209.333469 159.087075
138.474718 142.640243
129.081662 116.423665
103.157853 144.729039
163.329793 152.008440
121.007348 130.664992
227.478056 168.914765
157.158717 149.219831
179.884629 183.676319
125.449169 136.645362
161.357046 144.892482
132.946407 161.387146
153.683874 172.969532
229.905963 185.026453
124.331481 145.073783
135.142172 136.477282
112.053843 134.257260
137.590715 111.985301
159.350706 190.264962
139.604297 157.460877
190.674514 197.691449
160.290550 180.993353
186.295122 170.440073
144.331165 143.038330
137.944873 156.119861
107.835711 142.739137
136.802883 180.257945
125.061969 153.794125
189.917966 212.738732
125.949619 138.569837
131.005958 119.199363
175.126961 192.261141
175.089469 181.072749
83.343684 169.638462
88.834630 175.890784
103.408325 146.577763
210.507867 178.370888
124.893710 187.363792
108.046537 142.445182
92.824800 160.851567
230.653531 204.285066
148.596483 154.560837
238.381046 182.927808
208.224080 203.818186
106.205475 142.244188
244.384601 197.926860
145.745445 151.680271
143.998053 121.181197
200.402723 171.402310
229.365453 181.614749
184.428592 153.249653
194.921682 181.007896
170.152110 171.041488
144.027262 188.297723
94.687945 166.993815
184.199820 153.791065
137.115802 134.451284
