3
142.983675 226.227954
139.929635 220.884201
254.040482 140.858177
117.873023 188.970910
159.804319 209.957005
135.397162 199.589859
96.038542 150.009202
134.248326 184.938356
84.882377 165.608298
161.947946 171.765466
197.292710 203.889407
139.395721 216.626431
227.887114 141.209299
131.213503 170.381166
159.157964 205.416708
89.379628 164.602979
147.369521 186.688774
99.304503 145.615727
213.773622 138.323714
187.179628 151.740872
240.752572 154.481144
98.944856 156.221590
164.050413 185.336986
168.627037 178.604955
132.668118 186.420121
163.774352 195.662683
215.517693 140.579564
157.480320 206.036890
165.732830 203.674628
144.416636 224.568441
162.484312 205.401163
238.815240 139.238157
140.153529 215.414076
194.198619 121.779491
165.896263 136.283014
199.435179 157.910775
156.194491 207.250125
226.776291 138.823272
171.020925 137.867296
185.921775 141.736334
104.446808 141.954235
140.636979 196.031898
93.624426 161.540416
151.072081 205.596619
152.881848 194.309237
100.393530 143.799248
85.726748 162.954888
156.198041 237.260635
98.228974 153.422668
103.592031 137.761474
97.984462 157.450373
120.946096 202.584412
190.432714 158.740861
101.927725 159.456310
202.366572 140.798517
169.145919 225.320583
105.142379 149.747499
150.985763 201.875158
153.555625 211.078862
179.622966 214.042036
93.797652 157.754511
212.321055 128.671692
132.834146 166.040609
187.111473 139.029359
243.598553 152.622913
125.244993 195.827127
135.778257 191.230977
159.408615 203.060966
223.118201 143.345403
83.105780 174.481488
134.156945 208.596881
196.429035 117.553362
133.602146 201.750963
92.596062 169.332479
167.834522 177.595316
227.235548 164.553084
138.079332 220.445053
210.620650 145.261209
126.314360 193.162334
96.411536 157.586677
123.462742 209.981987
163.789284 179.245000
132.791994 169.492927
219.671434 139.257448
198.479118 145.760161
164.503213 224.486822
115.402825 127.786978
155.642399 195.513533
156.103091 162.334449
149.055399 260.843940
95.874778 158.828978
197.533878 152.621818
188.633356 127.439830
156.006541 187.938788
149.603758 227.756115
141.388817 183.930394
177.666205 118.743577
160.818405 210.521981
169.016005 209.136987
178.250966 152.836897
143.468888 181.795836
92.121465 159.969785
175.487181 122.959177
98.825941 156.137587
175.025584 143.205930
149.363326 172.241103
182.795501 223.707512
231.844217 125.137135
141.691928 164.044771
227.031193 155.892729
145.835027 214.102857
106.997981 147.794949
199.382715 143.143978
129.228500 186.648703
137.331712 159.757991
153.596561 195.022424
93.440500 156.120324
175.905504 200.703753
118.000650 143.165471
223.708845 126.672116
219.960992 144.318097
123.765962 130.177222
157.244462 171.907526
148.548471 164.784209
130.735319 169.571699
142.550930 220.089406
168.089343 221.992383
139.993919 171.989075
205.049418 131.465200
162.930840 222.361969
182.358133 117.191028
173.021456 126.849944
176.383681 136.214099
85.111063 154.532474
217.667768 134.451023
151.432725 218.884949
163.222458 219.963452
202.320145 154.113203
181.304247 222.074456
182.693812 151.034260
156.427147 183.374966
95.773600 155.498129
217.850001 161.264145
182.378205 123.534946
154.365811 196.027411
207.005118 150.620580
145.129455 213.439816
175.433547 133.997014
154.006023 216.577367
184.006367 153.468467
154.666208 239.529980
151.228977 216.986308
201.665425 148.193455
167.583798 217.155253
144.764297 215.042571
159.681035 233.652698
161.629958 191.023849
148.420290 170.949951
174.810709 191.523757
166.060496 246.187354
177.672098 137.222797
118.977215 132.235078
150.553965 177.732078
200.292413 132.941625
131.618525 225.495782
178.340860 131.629076
199.004484 136.870821
154.309614 231.080712
145.942186 113.640016
174.095068 238.375776
174.836202 140.247415
173.885921 206.046658
223.102920 137.725802
169.802971 131.101513
148.737063 222.052659
131.203798 186.658446
152.750137 207.980988
166.380610 120.684484
218.698560 168.127859
193.008581 113.443792
154.134395 224.488909
94.942842 146.544693
162.605675 244.266823
140.464712 197.312741
214.437335 145.541364
132.063128 186.519113
223.640336 152.132511
138.683121 183.589192
146.277809 215.685646
147.345997 159.299165
161.525916 238.110121
138.015705 180.949835
87.817854 165.839949
95.468720 152.193003
135.392993 190.377740
152.496852 186.406144
196.771391 107.124093
196.362965 142.366846
194.354285 153.124177
142.382439 196.802044
220.531612 159.305835
216.045484 147.391319
218.964240 151.686043
158.730777 197.976549
141.494275 216.337576
202.433850 133.939929
93.665790 152.990570
101.271794 144.268518
161.261282 204.334641
206.254598 128.256323
197.978305 154.576683
161.500810 262.142700
137.807478 177.357525
150.390572 192.376296
141.657199 170.365443
183.296270 117.638898
178.450721 196.663135
224.756675 134.807128
217.146955 135.341791
165.153912 214.427810
241.016143 153.916701
137.863722 175.204998
100.367416 156.674232
151.798390 230.342444
167.786469 190.357371
196.026841 138.949511
211.320825 152.558585
198.742007 130.567957
199.371819 148.935377
97.305539 151.524761
153.068671 183.776082
151.750804 198.359979
214.354329 152.243634
105.265352 155.933707
142.678094 189.799818
218.967406 135.167729
109.527007 137.381278
128.750898 138.690463
126.659202 209.399568
92.902421 155.635315
103.255922 141.192175
155.531596 172.094285
154.234173 158.622802
154.512426 192.202999
103.701878 128.649772
196.612874 125.563613
199.760221 138.939298
134.957146 190.057256
106.599315 148.161712
151.556840 171.424235
137.609069 188.184833
163.637004 238.028240
192.975647 151.801560
224.897528 140.171042
187.048319 152.651134
153.981886 207.965820
182.030955 222.060746
151.170660 261.336614
154.047894 178.850977
93.483640 160.719686
158.247476 186.613154
145.534697 182.876549
136.528097 192.181087
181.894106 128.318691
150.537030 234.463694
139.249745 184.869422
206.804472 151.529507
229.342826 159.530803
159.165434 217.236610
113.438800 148.920231
163.330360 190.098014
89.067256 157.556118
175.078359 150.714368
96.163347 159.587242
170.609970 197.095629
186.023998 119.677108
147.495989 221.009774
114.953359 142.536088
184.202860 127.913785
192.347082 130.041392
109.954103 134.878736
188.355030 127.161125
105.556463 142.372538
165.147072 237.417258
102.633668 144.745897
156.148063 248.269826
231.988723 140.002918
205.176483 138.337847
131.340137 165.076328
187.093651 160.457394
121.008575 232.729348
93.879286 150.351010
145.387659 163.300791
133.274668 177.449315
182.459483 114.764368
101.793367 135.339988
160.107303 120.360584
159.475386 228.154736
178.213918 132.066486
100.883222 152.025885
109.933959 135.729532
151.970763 147.590081
145.423472 169.413849
225.793184 152.808090
90.077410 143.339315
206.919456 154.475725
188.700369 143.607583
142.857197 143.911231
205.232770 138.907711
150.048555 195.702876
171.276116 142.440599
226.233990 136.675019
125.195589 197.224601
156.280482 205.831798
149.656707 195.854588
147.103497 212.849018
93.612076 162.164669
183.827509 142.571053
207.772623 130.962797
155.415948 220.744385
203.300288 127.495523
146.349432 190.109301
222.389094 147.185571
197.599850 144.799870
92.732126 153.107397
214.089449 145.935456
247.698426 155.939728
200.367917 161.842282
115.315504 143.306202
150.694646 221.931160
218.518003 157.854249
210.082683 136.197657
171.797552 146.048107
178.706848 131.968482
189.109554 152.021316
116.664113 134.804373
185.413195 127.478822
170.684412 127.540597
149.277319 179.524588
216.035356 129.063492
165.464740 126.880784
166.395478 139.833262
150.213380 210.826999
167.822041 198.502461
171.599956 145.119566
165.747982 210.178838
164.113406 139.733661
114.838382 135.809075
144.879207 229.082810
107.645230 135.312626
114.787721 229.341200
156.817256 163.903111
188.742487 140.873394
134.992732 207.164304
162.659702 221.713288
130.763680 213.214428
99.238302 151.135539
128.283551 166.213071
147.655999 213.414029
156.855808 242.899577
138.004030 183.435532
121.780547 126.013792
158.289781 169.140953
164.348823 138.923919
95.986298 168.576688
141.300757 179.100059
91.170447 160.159988
92.404675 163.530863
102.912548 156.728281
243.408377 138.222387
140.579864 206.043141
210.836903 151.313019
137.623678 229.322949
98.380754 155.803236
200.191332 133.589858
152.587336 178.618164
96.779853 147.797940
190.545423 134.370024
159.309491 210.738073
160.001719 139.066804
139.149539 228.568629
232.870693 144.157927
204.089681 154.410380
107.157836 135.897427
94.733158 149.216315
108.525087 131.604935
233.577227 151.373149
211.597874 129.930921
161.285469 154.129089
215.473788 143.047187
172.083431 214.526471
205.494648 141.582329
232.919847 154.970300
185.051102 158.796217
112.269055 134.542006
212.858603 150.864808
104.627824 131.264013
193.608803 137.759131
180.552904 144.786107
219.236022 159.626198
138.178437 190.664484
197.956811 107.091231
183.157373 147.082236
207.328683 145.293389
234.099190 162.189552
158.930237 135.137298
93.752497 160.752750
179.568652 191.123508
248.485705 171.014123
140.208901 154.091014
155.689702 256.334311
153.154036 201.312464
200.075117 128.925710
95.492078 137.486049
232.648226 163.419346
198.458957 122.815237
148.201001 191.703085
118.842106 177.637221
127.089486 121.409139
236.884291 153.310488
172.220448 219.591737
108.565820 148.039952
181.857437 125.376882
161.604599 168.064712
218.892158 132.311571
141.544760 152.626608
153.913306 216.197041
196.708436 139.591923
169.433446 179.167373
234.144865 148.958829
195.645902 120.464309
159.466226 180.891650
214.680982 137.582491
220.887724 149.472703
219.026514 128.618942
212.089996 140.017672
145.735345 187.140505
169.737030 223.005701
97.976756 152.257797
142.118332 210.441877
135.148645 202.549867
117.784308 125.278935
112.479669 136.538458
147.989142 226.411358
206.598832 136.352116
176.731888 124.148655
151.115480 238.361635
159.873567 134.193563
209.009116 143.107971
89.819200 171.039732
164.920203 215.829596
212.130929 131.834275
110.073080 144.116322
195.159476 134.010398
180.498190 140.177364
149.393528 206.118920
161.853507 122.499359
144.081238 211.624157
182.579775 155.528217
181.085138 212.091797
161.289660 209.074076
104.906626 146.742140
204.942717 144.311986
146.410316 157.500602
155.827749 181.479667
147.133652 178.639784
97.292517 156.545746
194.021794 135.223289
133.810110 166.090063
146.608992 206.312258
134.321171 199.034640
104.137341 145.589257
96.437052 165.122898
182.712713 219.352501
168.190311 192.375041
140.983014 179.573052
203.261227 123.826459
160.357997 105.896761
176.742001 156.806670
174.544256 245.702095
201.993678 136.028450
98.869909 143.389968
139.686667 200.450031
143.825268 182.484694
101.161417 146.862546
91.218458 153.761856
218.151524 157.566608
138.926691 187.189721
203.721678 145.044524
148.785454 204.686751
150.833678 202.034180
163.154306 226.080730
172.280486 237.415305
163.382747 221.194256
154.822879 209.554468
140.827061 187.506225
211.419924 132.130607
195.400987 128.535236
203.338099 137.475038
202.333188 126.257243
98.260786 157.735548
136.242275 201.506986
226.658433 154.004727
192.599982 117.077376
93.584340 150.073517
208.133580 158.248970
123.522249 118.139779
152.793452 136.992290
148.502557 229.062717
102.271172 152.353264
206.118251 158.896015
139.121153 181.185970
226.394763 148.957130
139.677964 202.955915
196.857933 143.562364
121.463064 202.204028
190.324527 108.152198
143.858516 208.000699
106.092399 147.064606
114.769712 192.792092
209.123225 157.940051
136.968046 155.565889
150.269388 192.419451
151.760315 206.659793
92.578982 157.365708
202.026282 150.011404
101.149097 154.013342
196.660706 130.864017
94.121325 159.208205
209.278327 132.374960
99.749906 152.220132
217.270684 152.236267
110.576307 143.733751
169.515982 195.925557
172.051719 204.197628
190.570303 130.745001
175.620161 130.846864
127.188245 194.764568
104.433888 142.294404
94.935426 149.848087
156.559743 219.323882
231.425810 164.271597
137.792456 147.665550
230.829148 145.374883
169.719137 153.446195
92.891423 171.262261
156.016970 228.594278
115.095126 135.198496
214.834259 131.267622
95.502840 158.832443
137.014939 179.624568
101.451737 143.867228
190.341383 130.101318
161.580910 231.071910
136.143734 187.288777
160.348400 186.832989
153.029662 240.220433
168.829821 128.887043
161.003811 211.906652
101.889801 147.286893
95.074988 144.748814
201.776639 124.905796
205.095680 134.636549
198.120900 133.063725
219.902157 147.385429
165.001372 188.888843
205.843331 126.223444
154.965283 185.250392
112.005836 138.701743
223.708871 170.233442
158.794834 232.229309
102.442311 143.656711
153.016158 177.621288
95.957567 166.426794
199.831093 249.767357
214.920724 150.063115
98.567621 151.697904
141.656351 204.968131
154.489927 185.691043
167.834711 229.922827
189.714376 117.376482
100.466456 151.214203
241.417656 167.675560
188.109528 135.895762
200.561957 142.939501
192.778085 130.595958
199.829574 162.922433
188.857299 142.513146
220.040962 143.382955
138.174796 220.088833
155.366088 207.259115
149.440786 158.895805
188.520069 133.721235
202.296295 155.882377
150.740233 173.464205
245.560247 153.859085
100.312590 147.796290
146.953481 194.302458
198.287775 131.719068
91.599961 156.715866
160.516599 196.667108
209.126165 146.817521
139.030937 194.148134
218.765519 141.825574
144.020082 199.010521
207.074205 161.070062
126.189983 132.064144
206.278999 135.811258
154.536034 193.620744
177.840307 212.600127
205.503275 120.499593
212.205862 131.145912
179.036195 139.388925
114.832370 149.812111
97.326611 150.809833
159.620593 196.798450
160.541820 146.051108
101.472155 135.751852
153.924560 186.007789
103.296273 156.718651
208.937560 136.523416
135.706353 201.190510
213.501615 132.767156
163.617468 199.144485
223.656637 155.106280
141.687642 185.889980
179.162150 219.286656
168.770830 143.747063
217.782928 141.965569
106.752318 146.083250
166.398774 205.043701
149.785440 190.687547
215.834676 155.865023
184.946944 142.157558
148.609433 160.571926
170.406277 132.795699
154.293835 191.743856
177.720238 242.606386
138.593968 198.261152
223.650499 138.784311
166.664377 213.238732
188.060640 229.706078
204.602957 124.873923
189.810707 137.183533
184.456415 131.608929
157.846826 177.262596
182.580222 249.353641
207.308897 131.989072
111.807150 163.642096
155.186562 225.136591
218.032043 141.859365
134.469518 187.426931
234.704625 154.498207
199.162489 123.813796
147.566855 187.412161
143.579249 216.689545
221.097571 142.646153
117.473725 174.450393
121.570834 130.667034
150.088845 181.321108
224.492987 133.483582
97.659786 158.504715
144.024015 163.638820
88.496610 162.879199
83.860905 152.183979
162.838629 117.016180
153.687959 210.992840
124.481803 153.426809
218.115085 144.530388
165.713643 195.913048
134.213401 188.851949
101.539346 139.302344
217.814645 156.908535
238.297481 150.045796
193.914750 119.971975
176.397496 142.193717
176.235967 230.027380
230.068155 133.370032
122.692338 189.935315
158.471106 137.659772
176.152272 145.628286
149.503276 213.185693
185.443383 129.014132
147.499157 211.700365
105.716736 143.301649
177.124216 155.237116
89.570725 152.228931
151.531941 205.781600
97.547363 140.959580
232.434126 160.032996
104.972560 149.204974
227.663900 138.295823
197.750892 141.143474
221.485510 129.312873
169.240022 228.486294
175.364579 116.530285
96.750954 162.238690
209.465500 142.118299
92.191123 157.223207
160.596639 195.010566
219.639923 164.952783
157.493425 245.164456
148.660547 220.584514
172.703909 215.524249
108.362031 133.744264
160.401770 210.725123
110.871982 138.914163
78.169612 173.055625
113.536084 134.551968
144.900224 202.249946
226.628814 155.030781
72.825680 172.025195
185.984627 123.935551
214.883795 138.890276
155.452304 208.070264
108.025793 141.543551
147.287842 219.351895
88.009848 160.218419
170.076724 212.393460
196.047031 134.696945
152.693937 147.030971
224.698632 140.790338
162.889235 191.727408
213.850974 138.223914
217.589467 152.813275
89.558473 153.203017
226.270778 148.619307
205.631068 139.151780
138.057767 215.576681
173.111952 188.169212
186.839812 124.387474
140.456445 214.462658
151.773756 182.160332
105.585528 139.638561
124.259252 199.796239
167.483967 149.459145
95.935475 149.398547
172.003656 234.890398
149.157746 214.306420
149.080754 185.748106
148.878550 168.019313
135.164211 123.531491
198.492762 136.753383
203.111081 157.011068
150.656760 179.374935
173.515173 152.299637
152.172559 221.434356
122.008364 214.790126
191.237537 125.670678
195.841086 128.345409
160.848378 239.073337
221.092109 126.227299
144.229917 211.005726
148.442576 160.284740
145.839905 204.313814
184.901750 133.800285
190.060695 141.110186
206.542378 128.728026
154.385136 235.361434
201.909828 155.239841
164.157273 199.643989
81.174225 167.460968
92.841962 155.496666
147.235568 192.926357
217.454279 137.098477
98.449631 148.153378
195.074490 147.063368
146.626665 204.575331
91.477041 167.808972
163.824593 145.480363
203.662283 135.932215
190.150190 126.338816
101.562759 150.821439
216.869941 137.716345
93.795278 154.214666
188.225078 141.913491
148.876992 200.343285
89.669793 172.876780
214.339174 136.379615
146.567891 156.175844
130.518306 170.533523
140.718001 134.834512
97.122173 159.922303
150.709887 183.161490
146.363126 176.348152
198.921450 132.733415
214.405711 147.898786
203.848389 146.517860
189.211254 132.801103
85.366769 177.991060
195.647930 119.106853
148.764929 203.789414
152.839076 159.979406
160.612118 202.010749
77.127634 168.004810
189.797148 129.532184
84.992708 157.151147
198.016024 135.286076
231.417931 164.761578
112.520972 138.794762
189.917215 133.658092
222.480209 119.345643
144.040736 182.304616
125.012976 127.469646
207.897341 117.902702
160.402494 248.249958
157.198690 166.961884
203.413281 130.732493
145.808257 193.338070
103.008915 157.889051
188.694694 152.275462
199.375891 147.840248
200.117902 123.630086
207.471691 156.131499
135.794639 181.548684
208.295655 145.027838
208.714615 135.120567
220.869400 154.027441
189.894945 137.551671
184.724546 139.573348
139.913719 170.398706
145.720794 188.768924
164.436233 182.044442
173.366386 221.696270
172.994630 136.939911
177.813809 152.627085
205.306066 139.256515
217.838538 128.961166
198.078403 158.839765
137.839886 192.143213
144.694500 173.581623
212.379347 144.613827
213.247236 139.996804
212.656909 164.552798
101.271375 147.005028
199.728296 137.301249
140.677954 209.518206
131.819044 192.868699
158.441742 252.682039
102.207325 148.042378
125.187754 204.244589
196.902317 141.649494
170.778863 219.071106
172.995730 259.412328
203.054502 134.183212
101.117558 145.902443
193.081396 151.447416
212.129073 145.395739
149.095918 196.551727
104.228105 148.148212
187.592708 115.678828
147.950525 189.730621
191.352167 137.628266
243.139297 157.447059
168.488779 137.789839
174.234671 190.134343
101.219353 144.482807
149.954177 163.742583
168.279591 160.240487
146.029716 213.787871
232.751508 159.834924
153.019565 192.138705
203.608023 130.914933
112.475376 122.121033
178.983275 224.283362
84.936214 168.915489
157.390892 219.012463
138.568535 170.882652
207.799867 131.139379
138.364612 218.140308
197.943444 139.726661
144.873150 198.983784
164.321109 234.389745
92.509604 149.208006
103.134678 155.335093
132.146824 218.970347
153.663946 218.467898
199.072452 138.693570
103.887161 155.307903
226.663750 164.211341
129.791273 197.004961
159.839865 191.385037
192.010967 131.822094
118.077741 140.378450
151.824342 229.525824
101.384634 153.627900
115.760714 187.837132
203.140692 170.789404
141.985585 217.085808
141.557179 203.490895
191.324216 202.865277
142.232368 190.703329
160.962370 179.006854
216.550247 139.414927
166.328734 250.114600
198.676768 158.685348
180.432250 147.166609
89.430446 166.554424
133.293738 199.655833
153.332980 191.826315
168.023509 199.774987
191.217785 161.768099
105.777006 126.618179
158.521037 169.993191
95.218097 159.323898
167.361265 187.267719
214.945645 146.500872
185.690134 136.845421
168.678406 220.736068
200.546952 138.403037
95.438696 155.713792
101.220290 143.954529
136.358611 181.858264
145.731599 171.079230
134.364775 192.261428
200.041627 129.583066
98.367145 145.431263
110.776706 140.412877
169.543618 157.108819
201.045125 122.906868
190.120331 134.721458
171.650869 140.606143
213.166523 155.349025
217.801053 137.549789
223.025509 142.888614
159.531182 202.948626
188.705628 137.600795
192.973419 137.395649
152.350044 227.116470
184.685909 133.185715
176.583289 201.398000
92.837126 159.985936
167.037456 166.107550
210.930012 136.063798
142.553857 188.873325
159.854353 247.265880
94.206388 155.715539
164.176496 168.096296
220.976467 157.744419
96.339340 146.393693
100.204514 158.035740
147.373739 196.068573
110.417536 138.054865
134.032434 188.861271
122.613160 155.817628
185.174714 135.192602
136.823367 192.534820
74.734748 162.344339
134.210615 200.789980
92.206345 165.595783
131.635342 192.634698
138.481446 231.981221
167.635903 212.700661
123.986932 191.148935
101.129638 147.250079
182.504020 141.083116
210.263791 155.038635
219.115213 133.747468
136.913418 131.764471
212.509225 158.276996
197.687769 141.810772
126.117399 223.432607
103.503324 145.546842
161.945507 103.159147
207.362649 164.510251
179.262295 148.018274
193.404104 135.071482
155.027291 231.911138
140.920611 122.840214
101.409434 149.978924
154.975303 201.305846
178.329301 158.057294
133.984868 231.374944
204.245840 155.359686
90.391040 161.990275
157.476858 209.346960
94.940242 165.429552
126.109401 170.239273
134.295469 184.059546
198.859068 153.933601
147.809177 208.513873
148.805660 189.228136
163.796578 145.483685
194.478848 133.375390
103.332163 148.327826
101.983402 154.283604
188.953285 149.619105
165.967843 225.236329
149.273823 206.268467
150.758969 202.388872
156.752125 245.414020
188.383606 120.520067
151.684212 174.996071
211.360096 160.409476
189.458921 143.548346
157.660534 211.647451
152.770532 197.202481
152.757891 208.912486
149.683228 180.457342
136.047374 230.014205
193.369609 135.462045
210.493105 156.615293
92.918928 151.707333
147.625185 183.914543
150.884124 188.160399
149.284739 215.656195
205.083115 156.771087
196.140701 133.529793
218.053599 154.922586
212.727059 142.752500
135.997106 192.521458
181.252652 150.000528
194.032323 153.089732
149.818998 235.442879
120.851574 114.038708
144.963912 246.145417
192.010958 145.328033
193.398335 129.433934
187.271210 139.230209
97.201704 153.186284
220.529729 154.367267
98.621574 148.953540
189.096833 184.075045
179.992399 120.392716
204.333778 140.853237
88.398931 155.318172
178.954987 188.420940
153.411091 189.544360
166.843394 231.302158
184.428343 111.527816
229.047918 143.196294
194.714550 145.109169
148.266367 220.986889
229.623151 141.104951
116.362445 126.824288
222.550883 152.966092
140.617785 160.855944
188.525809 123.387972
136.040149 188.454570
211.465202 129.605961
160.360734 248.587857
167.080241 200.964524
86.913470 147.102448
141.854684 188.091325
157.136871 140.964727
195.418088 146.005876
148.920129 174.741903
170.695098 127.538452
215.016206 146.938055
135.547132 217.422332
144.876357 172.484258
90.295861 153.540984
205.942934 164.155515
155.442873 209.912587
108.074508 137.950325
86.286052 161.807479
162.033196 109.944495
194.742267 131.374133
211.044516 155.742285
145.094359 193.779668
196.165924 153.923212
146.092271 219.995337
133.412851 210.200152
139.695325 184.939206
137.398900 222.109274
209.327053 136.069895
142.823405 189.147238
97.354021 154.035491
86.409321 168.764721
154.022390 192.745766
197.450420 129.919310
188.479404 122.009003
123.011707 214.285108
219.152702 140.393946
231.205025 145.865042
147.985087 194.471158
96.148771 158.524822
145.303763 173.146885
148.277099 153.843469
209.873420 133.721055
123.971896 192.116109
152.341153 189.854219
153.792241 154.339568
162.238021 161.299890
230.138421 144.979011
180.151580 195.812594
149.774410 167.122993
234.081218 136.390053
152.820161 155.802099
154.847811 211.211391
148.548364 218.798168
208.306487 159.535913
162.011211 202.815811
182.433057 143.522947
155.257185 194.772997
168.524646 119.812407
155.946193 180.618544
132.390223 189.746179
152.086949 199.877350
190.641804 120.813001
154.070873 212.854904
192.401699 133.732091
195.341456 148.474699
158.651576 264.936695
159.987188 139.506931
184.551470 143.227456
102.087857 136.539442
203.660585 137.955592
209.634839 149.040804
234.957957 165.031762
200.453860 170.498968
152.248910 181.762782
189.782498 136.877572
124.936221 179.600735
170.066574 143.002987
136.201605 177.313384
211.311774 147.665031
194.543779 143.292079
232.650973 135.012208
84.401429 165.404927
108.804835 133.123276
188.209641 141.618349
171.657126 202.298278
153.054528 249.810909
164.954435 218.311666
235.141959 139.313672
208.499540 140.917407
146.010322 161.859297
107.053798 137.114384
185.988038 128.126784
171.526271 300.089352
97.573314 149.629988
162.233209 230.931985
177.390467 148.678847
218.046000 142.073296
209.408538 146.633992
219.024409 156.213766
154.691380 175.332229
111.646772 135.672289
97.021198 157.875530
194.897303 137.191115
138.830900 245.650336
233.160137 158.366843
194.747503 138.238394
146.249591 175.174177
195.515910 134.738937
214.300403 138.114922
225.424434 159.792506
236.197587 158.617432
209.450579 150.166517
172.276471 130.792803
134.479274 188.849105
111.675076 139.641442
94.936856 163.193183
113.318474 144.793198
189.170785 134.704714
105.580261 131.096105
195.955208 142.186104
97.606259 144.316567
181.979969 126.016355
165.770629 123.074978
155.035829 132.625305
147.814727 167.764474
215.363609 138.040666
153.156066 206.102871
99.297365 146.368202
145.217110 190.881680
90.507242 171.859331
209.936137 156.175143
178.232469 137.266193
172.159465 232.632767
173.562321 162.539018
153.312822 201.540496
188.010134 213.128360
222.197252 164.814771
210.510790 150.746898
176.007963 133.795694
104.147395 145.928694
153.044743 208.351848
139.182215 223.834966
80.935419 161.477358
152.944602 203.177260
152.266676 173.688456
193.161412 141.561663
162.257609 213.313805
206.024316 150.416760
156.446973 246.711619
93.845506 162.377059
235.737833 153.393910
162.957431 232.157475
173.522812 185.623388
173.389213 136.208095
129.423911 164.794612
197.452670 121.541044
108.238926 135.083379
151.301101 192.064254
188.886083 127.590931
141.180957 202.184135
223.608906 130.704749
98.206961 156.140742
163.521127 189.933695
145.530701 214.141766
104.710617 139.506467
228.368012 157.132811
163.572896 197.918442
151.300306 207.287585
139.815315 198.572626
211.734847 141.077302
102.931352 139.426500
145.793075 115.001264
208.464924 129.226923
225.354788 137.313752
180.851831 117.977415
161.573819 141.512810
194.712196 142.791482
142.479562 217.569525
163.406717 119.983006
207.910559 151.681614
165.264601 206.377518
84.189178 165.036888
146.970479 191.508767
172.025628 252.469731
87.916611 141.797955
178.580970 111.382121
133.917358 164.978131
135.328011 200.855826
202.589388 132.061862
149.682671 196.108804
138.518189 189.615352
79.756383 170.112083
140.252425 193.519154
199.491984 150.670172
142.868729 187.695403
137.583972 187.404302
198.216240 146.684250
133.052189 149.028915
135.247682 170.427409
136.434108 226.735722
158.396370 183.401934
159.236360 169.517265
134.021274 158.406933
104.149061 153.947556
93.871120 150.061435
107.231038 151.369060
233.142176 131.008616
137.030076 176.549502
151.303055 209.599755
143.238829 177.678901
218.106763 142.807201
92.278517 164.203578
218.075583 146.873044
177.942672 136.498543
130.437612 216.206718
217.850920 144.384358
109.606332 141.352693
177.613128 130.047487
135.773251 173.963623
185.397280 141.568319
111.336018 172.628000
97.582143 148.476518
187.179512 160.475086
109.125589 136.012928
220.422064 143.479731
158.118257 139.811012
88.668025 152.897523
134.536279 140.068951
83.945838 164.916686
151.118553 205.493254
138.522990 191.765705
143.256612 188.881258
149.477266 177.498390
233.066477 147.248764
161.804550 202.140242
137.499884 211.077520
156.346777 184.891686
148.062531 177.515864
103.546343 151.325816
204.173079 146.539950
181.234046 138.526870
124.508765 210.813702
95.746354 161.864398
90.558960 159.995408
133.853870 173.916770
173.645079 118.185249
100.625117 149.460179
166.250537 210.595706
146.358468 190.577795
154.989263 185.472257
153.270363 184.969810
153.598815 192.438879
197.101274 115.029867
164.500804 233.490555
104.471198 149.254217
229.101709 143.346462
174.890838 226.509555
131.247446 177.330500
131.893589 161.499271
147.671525 165.049107
202.403585 149.951309
195.200171 162.541875
219.768238 155.468805
146.852266 224.094994
138.365210 228.988060
143.742118 191.429163
131.362647 215.753664
144.851419 176.195642
220.028394 159.986575
110.129038 135.266142
106.077588 147.367688
230.812811 136.795082
160.396469 226.241902
207.709669 151.618631
143.723892 170.593354
158.506038 119.599293
152.663689 182.734975
165.183141 208.800601
204.204215 140.859889
212.359258 137.374770
153.669505 256.097071
130.973852 178.125449
104.781452 143.074272
126.472229 178.099864
90.531810 149.963463
218.074499 137.270186
109.096249 137.932952
209.229970 146.733278
148.535714 168.943306
140.369113 192.155637
93.901758 153.975444
222.187571 148.126269
146.484047 198.046604
125.839864 201.756690
128.775001 173.504369
187.656065 141.152312
156.646160 203.908439
240.783904 158.255372
156.346510 193.795887
140.227774 177.776107
130.123264 117.020265
145.030303 191.455714
141.878344 225.012261
210.469200 141.236264
147.005816 211.566686
144.373159 201.657155
153.821825 179.767363
175.443965 118.168624
179.669956 239.685463
100.817564 148.898864
218.538658 139.524787
195.566347 135.392162
131.493404 190.736289
159.965783 145.619907
153.904145 178.407143
183.433161 128.855082
90.463382 150.233918
218.214970 132.205506
89.412892 154.780974
183.090310 124.162964
202.566223 130.690124
148.925949 198.794440
143.718983 196.677605
222.058914 144.887653
162.289928 191.798545
88.651482 162.923870
154.165507 208.638827
162.049822 200.494109
197.269522 145.992379
209.157259 136.875064
84.844162 171.345886
122.361471 182.602108
217.316565 144.162453
215.086399 154.405853
217.546553 140.071346
105.564082 138.195678
164.839212 192.872092
138.168521 206.465256
96.931743 151.384747
197.704201 128.978184
242.513870 160.862171
200.918696 133.514615
188.452021 145.257700
142.577789 218.899757
179.658730 204.213003
117.439334 186.920895
155.120382 234.161789
104.700425 134.976892
106.271505 141.523538
100.539460 157.718259
221.473745 133.858692
173.775402 195.722403
160.454174 188.744603
206.172971 154.444944
142.166620 199.452101
253.113034 164.060076
119.662509 192.568322
223.863997 166.300423
216.834410 147.486812
157.652763 220.163697
180.519938 226.964585
93.305501 147.866083
227.683722 143.368684
162.655870 174.661887
126.318942 190.663286
221.256157 137.382199
178.607963 146.637003
95.243340 155.216052
169.063851 197.518952
147.923490 215.571923
156.454972 190.446192
178.978435 132.626692
163.117064 224.241021
210.053265 156.669910
177.042678 124.950360
87.559706 157.622079
203.715592 141.515924
217.118600 142.069453
186.102479 124.552541
181.644902 206.947252
218.319877 159.237137
144.069708 159.324180
124.836798 138.249097
206.886103 158.931737
142.569361 205.305916
136.288775 187.854010
204.077321 127.589156
197.188868 148.635092
187.188076 134.950480
154.355655 189.627030
134.860432 183.710331
154.072492 215.234637
175.950918 143.078924
79.522178 161.533903
100.746776 157.800683
157.893371 249.126757
211.428582 128.724141
158.096740 208.473728
181.658349 143.022103
165.002790 203.122394
105.282779 162.582158
180.809193 120.837310
240.428975 156.432962
99.549027 153.828776
171.864740 143.801589
104.772424 137.409262
153.645473 229.344176
229.823364 150.120560
200.565231 141.167790
175.771380 136.754522
150.400019 225.955409
176.603102 130.338450
207.392846 155.071992
173.359383 206.124965
100.598314 146.009230
153.491073 158.251881
200.119084 159.053800
140.910213 199.572603
87.639282 154.969467
88.332178 168.994330
125.677507 187.053803
161.627473 196.709860
157.188375 233.074705
143.930185 206.064742
137.489819 200.289366
197.191751 130.209828
138.072718 205.971728
104.219522 149.246798
155.532141 181.896321
231.245464 143.684120
158.289792 243.446762
159.629272 142.576533
144.353316 188.233069
184.499238 132.572311
190.541460 137.172341
148.923824 221.908743
98.758344 146.778130
146.625561 223.468169
117.472407 184.135829
160.725197 175.960683
207.051665 155.234833
148.556858 229.635767
228.533728 132.911979
225.529292 116.557251
168.019394 200.484134
206.640288 154.674242
187.759586 129.514808
146.490733 226.226068
99.758690 146.410871
126.275392 173.483299
204.962272 148.442757
158.990189 116.420881
135.604103 188.776003
74.854957 180.587490
161.047023 232.691851
141.920631 229.564050
148.407334 211.809533
107.958860 132.170190
157.027592 208.542216
169.977762 250.450188
99.240328 159.093821
91.073609 150.829069
191.989430 146.490454
188.154280 138.264115
139.655220 165.227128
148.547186 204.051467
165.232677 210.874611
165.789442 214.682179
149.702443 209.803793
233.334756 150.745936
209.563857 152.863389
213.536450 149.085023
156.718978 239.974321
159.916335 183.004774
146.570819 183.263962
191.108305 144.711864
212.259515 145.782747
180.907469 140.759756
99.983189 141.874651
152.505210 193.402614
113.791390 137.815976
114.128169 141.128708
157.959901 234.576044
192.723468 117.291643
105.297918 141.640169
141.076863 191.841805
176.917166 129.760736
146.366898 163.697907
137.459444 181.807620
149.312114 218.487317
195.249157 134.659690
154.814810 163.942887
154.005872 192.672831
135.457660 200.822534
171.174535 263.797428
98.953673 166.542822
189.832392 143.019723
114.079139 136.369511
142.944001 204.076794
158.325081 197.699225
100.473170 144.271158
186.781523 129.249544
146.289218 201.680983
190.003239 133.737771
93.908173 149.469622
133.952135 169.909811
91.648909 157.025121
103.081559 145.301272
164.196290 169.455418
189.773404 121.243415
149.173160 235.034163
154.943361 202.502362
103.582092 150.457523
198.959906 125.075245
171.984237 209.570416
140.053188 202.379104
197.841400 130.158556
159.390920 227.864266
164.602519 154.628016
117.820886 217.455812
200.040628 119.746976
217.514670 131.916891
174.856629 131.012202
101.095485 153.930086
160.124634 200.483077
152.666647 191.021291
215.799655 144.283450
109.191096 130.609281
215.661964 146.288779
96.193566 156.502076
206.188420 152.985726
203.369530 156.801510
93.476732 165.342425
125.862592 174.265250
209.817304 131.875147
221.621650 155.255540
92.864820 162.900938
86.689250 160.431072
222.493791 131.113509
170.539333 209.242196
169.131382 176.077016
121.510520 152.169744
128.700807 207.183083
160.380371 213.940894
181.044041 140.333754
168.435784 142.368231
192.462055 140.251656
204.818243 135.420410
179.952176 135.580862
167.758025 140.753520
204.547517 139.495146
206.282838 134.323345
98.339704 150.395393
96.457370 144.204365
184.079196 137.665617
119.601771 133.462282
146.518642 178.052086
146.331054 153.501059
151.953186 201.106901
94.820338 169.066686
154.727406 227.840299
108.574244 133.869707
207.932946 140.394847
146.078975 196.806550
151.952689 207.912138
122.688050 207.053349
179.333769 136.867722
144.263936 187.074601
144.331884 219.438237
152.655624 203.019847
152.430732 212.169308
214.585933 126.550833
110.077154 150.477991
129.149656 213.266837
183.957530 155.200986
142.912076 197.619384
136.276412 209.849374
138.888946 230.689185
172.592311 140.772836
212.213122 144.946875
147.210400 172.055325
110.463175 137.215755
191.848167 152.293433
93.213356 164.034842
175.693058 119.471574
100.877413 145.183083
92.590207 151.401649
195.992691 125.458529
158.792302 212.698888
206.664443 144.540015
105.741724 138.680919
239.698849 142.385387
155.358565 209.296311
95.733737 153.354249
93.900710 154.422977
122.713633 203.570650
217.753105 152.226588
192.989481 141.307998
172.439722 211.000011
156.688622 188.851967
200.426538 134.782632
101.916925 143.468462
208.774216 135.993147
179.707811 213.734887
207.544201 139.727096
89.531733 157.067139
143.801877 179.507847
136.847320 217.461305
142.025233 195.865328
206.488683 139.367879
185.125528 144.405326
167.689990 120.110593
208.509150 136.926587
155.445038 227.951379
199.887382 130.698634
173.003633 216.198570
174.192400 255.258445
221.773585 144.799894
180.171419 148.995474
231.572977 131.758039
153.280639 194.531537
220.698054 127.743859
191.161753 150.324080
175.622344 145.765384
208.622837 165.214031
187.475896 134.929951
174.587324 238.651600
141.474020 214.554106
152.525728 198.263270
166.006263 181.734604
172.530264 143.643660
178.762841 204.753641
124.752834 125.798568
167.835895 215.026637
208.920268 127.557862
133.777873 174.081594
143.910230 184.421090
111.864322 144.322907
171.602864 134.674891
166.220714 235.815479
162.739495 192.227904
102.300632 141.313757
163.631135 223.161627
150.828167 213.317442
190.263370 124.686823
196.258435 121.709771
147.337308 108.550315
84.473317 167.739971
154.109051 197.763796
237.272840 151.376579
171.054446 143.670156
93.741260 154.562412
163.012868 174.221407
202.727207 140.638469
194.203687 158.593267
132.598016 188.650076
161.790939 199.814290
133.534288 224.159724
191.868191 114.840981
139.189716 200.361959
170.066722 264.293828
107.488218 149.201483
107.386503 163.591805
212.144601 162.129399
132.442107 200.081070
87.908824 159.536090
226.372812 124.008275
199.609029 139.045659
197.982500 173.215948
130.504782 172.401430
222.899661 150.842807
103.677024 130.940447
179.087194 133.314716
209.858435 144.076744
146.158964 167.853845
107.435307 135.606206
168.320888 192.331194
229.546151 152.473665
129.805492 166.723165
85.754514 172.510591
221.807525 143.894653
95.515250 142.859944
109.101538 142.496886
102.541680 132.902672
235.962869 145.918210
209.377124 140.499435
127.120717 206.206849
161.734278 198.533079
84.355582 162.926264
177.320032 126.832504
136.107791 179.646209
178.064502 108.338321
186.311368 135.992177
148.307600 210.008977
202.311267 139.309966
212.386885 150.372917
155.875624 182.699378
161.783197 209.673339
114.622742 134.526914
178.934141 133.205088
147.406726 223.091193
102.291691 146.171103
99.517887 137.818732
162.236847 120.531555
127.036120 132.247222
133.743670 162.930235
199.244316 126.820548
190.152867 135.204372
103.930490 158.600731
208.458881 150.055135
201.215398 135.673062
207.121071 120.841327
152.094920 227.359235
94.297197 148.313702
221.305665 152.928279
188.032380 141.721702
134.927570 169.343112
158.550155 165.290976
142.928213 178.758158
207.023834 138.294435
159.041069 186.972104
155.693437 208.066463
150.366761 159.497657
171.601771 243.282413
93.903193 155.082465
180.195822 228.128181
203.259127 154.864732
134.112682 184.834939
94.870218 156.739090
158.474999 136.181595
191.084358 135.233698
158.628843 188.791759
220.777720 154.337395
161.988392 167.878344
228.890591 130.530719
142.091400 207.041229
197.036733 139.417693
128.944619 227.229362
136.006692 201.609911
197.683073 138.326063
157.244403 214.496776
211.724373 143.174255
124.579449 194.142190
164.401011 214.911909
139.515700 175.691380
147.941519 188.814262
156.097007 217.128396
100.543209 158.959496
192.561328 139.686659
176.353895 134.926416
85.080832 168.591292
86.396439 156.755942
109.784063 127.083660
113.180219 129.448666
93.110300 151.825691
187.835133 137.661133
201.430834 142.027080
150.769641 195.425842
191.441594 132.339655
210.384317 122.960196
106.458330 141.791742
127.491457 177.777224
129.686019 161.188559
153.880183 159.117226
108.093836 147.861625
91.345472 151.444679
146.970245 205.971318
85.325495 165.478116
94.707689 166.819987
205.871691 139.893794
191.677755 115.397495
218.282430 150.956863
201.632544 130.517438
171.996960 187.996685
104.833043 161.313046
155.385012 227.502013
217.805689 133.854110
84.049074 182.421210
240.369801 144.605934
96.079341 156.092578
159.429842 204.314097
81.283603 168.205328
140.653053 163.922609
217.810803 135.858706
144.002222 169.519056
174.610619 140.660949
99.523937 160.369419
109.041655 133.131954
150.262892 197.956785
221.086207 131.688272
133.891762 214.177949
244.860071 136.218727
193.405345 150.501665
151.862299 182.130479
87.076389 157.545901
138.095576 181.820932
90.872305 156.478738
169.063979 191.428487
179.883001 153.852160
226.644444 134.831989
187.334689 146.058482
168.843168 236.774797
148.815335 239.387125
146.666842 157.357022
122.478582 133.961087
191.453567 157.342730
147.865451 224.600899
83.276933 178.807626
229.862643 135.748045
172.402606 231.684726
145.908277 183.170790
169.465217 137.049254
142.219691 180.322667
227.912736 164.546875
98.343197 149.594012
125.716488 186.821958
220.199321 128.277104
243.625658 148.208780
191.008930 133.438221
145.583749 205.957566
165.323630 110.080648
232.004691 158.361411
139.302725 172.512335
157.331467 162.416745
157.570072 215.235034
196.763700 128.003820
138.930273 198.779817
96.826065 154.811765
173.580290 145.473474
95.654559 161.063423
155.739449 198.168254
198.375594 142.251925
140.884302 185.735116
99.526404 156.989322
134.810140 170.673504
94.860610 145.367166
92.962721 163.075035
177.949132 178.686535
155.889349 198.142388
166.723585 213.368870
131.096840 193.423892
140.925131 219.447367
83.677975 175.748842
184.551171 125.843984
159.411565 166.331383
227.474309 144.584992
184.231535 141.880359
162.975880 193.325486
200.590760 123.123989
141.219520 212.117916
170.615534 253.103018
148.268446 165.314485
186.937695 146.683590
144.925198 252.983781
214.902691 155.574833
174.938121 230.632561
193.724460 153.021596
199.494681 130.387999
206.666676 147.850137
80.816341 167.761051
88.622886 167.024079
198.369707 128.675905
142.936391 212.548400
197.521473 139.773649
159.888783 182.632535
109.683019 135.851856
249.181775 150.949306
109.635210 148.167109
153.445346 226.430497
91.395850 167.162854
208.017207 147.120150
191.077329 139.854508
155.308433 206.666972
163.657632 250.425254
214.013249 151.003661
186.981195 133.815545
168.619873 168.932731
189.790197 127.677246
93.336834 153.224499
91.143729 160.183025
170.805157 175.505273
157.547085 202.475156
230.780097 133.975141
98.538233 154.673218
162.502036 224.113591
210.090512 146.972821
180.625363 126.309555
132.002970 152.806477
180.421411 219.414528
130.273064 177.065255
205.488700 131.787754
184.003591 136.278551
184.163417 160.467493
175.355282 114.556788
198.988970 141.912744
184.731307 133.749223
129.147674 206.756046
209.807712 145.543675
83.855663 162.896573
155.549725 212.273772
181.462571 132.580041
166.016897 204.540180
210.328491 147.583784
169.621117 132.562622
181.366343 145.105232
209.333469 119.087075
148.474718 182.640243
139.081662 156.423665
103.157853 144.729039
173.329793 192.008440
121.007348 130.664992
227.478056 128.914765
167.158717 189.219831
179.884629 143.676319
135.449169 176.645362
171.357046 184.892482
142.946407 201.387146
163.683874 212.969532
229.905963 145.026453
134.331481 185.073783
145.142172 176.477282
112.053843 134.257260
147.590715 151.985301
169.350706 230.264962
149.604297 197.460877
190.674514 157.691449
160.290550 140.993353
186.295122 130.440073
154.331165 183.038330
147.944873 196.119861
107.835711 142.739137
146.802883 220.257945
135.061969 193.794125
189.917966 172.738732
135.949619 178.569837
141.005958 159.199363
185.126961 232.261141
175.089469 141.072749
83.343684 169.638462
88.834630 175.890784
103.408325 146.577763
210.507867 138.370888
134.893710 227.363792
108.046537 142.445182
92.824800 160.851567
230.653531 164.285066
158.596483 194.560837
238.381046 142.927808
208.224080 163.818186
106.205475 142.244188
244.384601 157.926860
155.745445 191.680271
153.998053 161.181197
200.402723 131.402310
229.365453 141.614749
184.428592 113.249653
194.921682 141.007896
180.152110 211.041488
154.027262 228.297723
94.687945 166.993815
184.199820 113.791065
147.115802 174.451284
