4
272.983675 151.187502
269.929635 147.184478
304.040482 180.858177
107.873023 248.970910
289.804319 125.301567
265.397162 127.227634
96.038542 150.009202
264.248326 112.463462
219.764755 173.217014
291.947946 84.121815
187.292710 263.889407
269.395721 142.998879
159.719167 258.334624
261.213503 98.787227
289.157964 120.878615
89.379628 164.602979
277.369521 107.418504
99.304503 145.615727
263.773622 178.323714
130.934628 285.359244
168.816420 282.994211
98.944856 156.221590
294.050413 97.253202
298.627037 87.792587
122.668118 246.420121
293.774352 108.227653
265.517693 180.579564
147.480320 266.036890
155.732830 263.674628
274.416636 148.695539
152.484312 265.401163
288.815240 179.238157
130.153529 275.414076
244.198619 161.779491
215.896263 176.283014
249.435179 197.910775
286.194491 124.355577
276.776291 178.823272
221.020925 177.867296
235.921775 181.736334
258.893617 176.532954
270.636979 120.748229
237.248851 184.978545
281.072081 125.307579
142.881848 254.309237
250.787060 171.014741
85.726748 162.954888
286.198041 155.829003
98.228974 153.422668
257.184062 168.124706
245.968925 187.585461
250.946096 137.946549
133.234907 298.882819
101.927725 159.456310
252.366572 180.798517
299.145919 136.516246
105.142379 149.747499
280.985763 121.449744
283.555625 129.755023
309.622966 119.192997
237.595305 179.353011
262.321055 168.671692
122.834146 226.040609
237.111473 179.029359
293.598553 192.622913
255.244993 128.605089
265.778257 118.260916
149.408615 263.060966
273.118201 183.345403
83.105780 174.481488
264.156945 137.324653
137.474946 215.629681
263.602146 130.435532
92.596062 169.332479
157.834522 237.595316
277.235548 204.553084
268.079332 147.694203
260.620650 185.261209
116.314360 253.162334
96.411536 157.586677
113.462742 269.981987
153.789284 239.245000
262.791994 97.027867
269.671434 179.257448
248.479118 185.760161
294.503213 138.076447
115.402825 127.786978
285.642399 112.335655
286.103091 77.295549
279.055399 184.309015
241.749556 185.374681
138.256188 285.604791
131.962569 236.544267
146.006541 247.938788
139.603758 287.756115
271.388817 107.661797
124.207622 220.757862
290.818405 125.362327
299.016005 119.610876
228.250966 192.836897
133.468888 241.795836
92.121465 159.969785
225.487181 162.959177
98.825941 156.137587
122.340421 270.069279
279.363326 91.220098
312.795501 127.666542
281.844217 165.137135
271.691928 86.646627
277.031193 195.892729
275.835027 136.975331
263.995962 191.077279
249.382715 183.143978
119.228500 246.648703
267.331712 84.437131
143.596561 255.022424
93.440500 156.120324
305.905504 107.153141
118.000650 143.165471
156.764685 229.872152
269.960992 184.318097
297.531924 198.117703
147.244462 231.907526
278.548471 83.826555
260.735319 98.189013
272.550930 144.976272
158.089343 281.992383
269.993919 95.869128
255.049418 171.465200
152.930840 282.361969
232.358133 157.191028
120.923288 237.650804
123.300741 255.886727
85.111063 154.532474
267.667768 174.451023
141.432725 278.884949
153.222458 279.963452
252.320145 194.113203
171.304247 282.074456
232.693812 191.034260
286.427147 99.193093
95.773600 155.498129
267.850001 201.264145
127.539509 229.650545
144.365811 256.027411
257.005118 190.620580
135.129455 273.439816
225.433547 173.997014
284.006023 135.285713
234.006367 193.468467
284.666208 159.012412
281.228977 137.170910
141.177634 276.143014
297.583798 128.771560
134.764297 275.042571
149.681035 293.652698
291.629958 104.486932
138.420290 230.949951
304.810709 98.099196
156.060496 306.187354
124.211789 257.715440
118.977215 132.235078
280.553965 96.354704
140.206767 245.840428
261.618525 156.379528
124.684675 246.430060
249.004484 176.870821
284.309614 150.337744
101.775353 215.196617
304.095068 147.613293
224.836202 180.247415
303.885921 113.815905
156.336231 252.068259
118.647476 246.625279
278.737063 143.791314
261.203798 115.864072
282.750137 126.928346
216.380610 160.684484
153.221878 313.517377
243.008581 153.443792
144.134395 284.488909
94.942842 146.544693
152.605675 304.266823
130.464712 257.312741
150.208737 268.968430
262.063128 115.267302
156.716242 280.802976
268.683121 108.722820
276.277809 138.403178
277.345997 78.704376
291.525916 153.925991
268.015705 106.304635
225.635708 179.692422
240.937440 174.037220
265.392993 117.568067
142.496852 246.406144
246.771391 147.124093
246.362965 182.366846
136.007877 287.075149
272.382439 120.640639
270.531612 199.305835
266.045484 187.391319
268.964240 191.686043
148.730777 257.976549
271.494275 141.595434
252.433850 173.939929
93.665790 152.990570
252.543589 173.584512
291.261282 118.640743
256.254598 168.256323
138.570446 289.449437
291.500810 179.144738
267.807478 102.646184
140.390572 252.376296
271.657199 93.294016
128.188679 217.724001
168.450721 256.663135
274.756675 174.807128
267.146955 175.341791
155.153912 274.427810
291.016143 193.916701
267.863722 100.359100
100.367416 156.674232
141.798390 290.342444
297.786469 100.559422
246.026841 178.949511
261.320825 192.558585
139.110464 241.320143
249.371819 188.935377
97.305539 151.524761
283.068671 101.374986
281.750804 117.361802
150.150043 282.385125
105.265352 155.933707
272.678094 113.141598
268.967406 175.167729
269.054014 179.875074
118.750898 198.690463
116.659202 269.399568
235.804841 174.139167
256.511844 172.849631
285.531596 87.831445
144.234173 218.622802
284.512426 109.456099
103.701878 128.649772
246.612874 165.563613
249.760221 178.939298
124.957146 250.057256
106.599315 148.161712
141.556840 231.424235
267.609069 114.106007
153.637004 298.028240
135.033032 284.631813
157.605211 256.695926
237.048319 192.651134
283.981886 126.266504
312.030955 126.340331
141.170660 321.336614
144.047894 238.850977
236.967280 183.387862
288.247476 101.634744
135.534697 242.876549
266.528097 118.864180
231.894106 168.318691
140.537030 294.463694
269.249745 109.768398
144.811488 282.062523
279.342826 199.530803
289.165434 133.271515
113.438800 148.920231
293.330360 102.624210
89.067256 157.556118
122.377739 285.078427
96.163347 159.587242
160.609970 257.095629
236.023998 159.677108
137.495989 281.009774
104.953359 202.536088
234.202860 167.913785
134.588570 241.203528
239.954103 72.700488
238.355030 167.161125
105.556463 142.372538
295.147072 151.300360
255.267336 177.173562
286.148063 167.401749
162.619443 255.321196
255.176483 178.337847
121.340137 225.076328
130.873833 302.804879
251.008575 169.530061
93.879286 150.351010
135.387659 223.300791
123.274668 237.449315
127.596981 212.097485
101.793367 135.339988
210.107303 160.360584
289.475386 144.560002
228.213918 172.066486
100.883222 152.025885
109.933959 135.729532
201.970763 187.590081
275.423472 90.320926
275.793184 192.808090
90.077410 143.339315
144.892794 287.938118
132.009954 268.869958
132.857197 203.911231
255.232770 178.907711
280.048555 115.467676
221.276116 182.440599
276.233990 176.675019
255.195589 130.096679
146.280482 265.831798
139.656707 255.854588
277.103497 134.995103
93.612076 162.164669
233.827509 182.571053
257.772623 170.962797
285.415948 138.916748
253.300288 167.495523
276.349432 111.540921
155.831480 271.092335
138.302837 269.951233
235.464252 169.787770
264.089449 185.935456
297.698426 195.939728
250.367917 201.842282
115.315504 143.306202
140.694646 281.931160
268.518003 197.854249
147.129534 250.918739
221.797552 186.048107
228.706848 171.968482
239.109554 192.021316
283.328227 190.653937
129.685571 237.093831
119.270749 239.374363
279.277319 98.904184
151.338709 235.778661
215.464740 166.880784
116.238014 264.587792
280.213380 131.243555
157.822041 258.502461
119.918137 274.398222
295.747982 122.417344
114.624346 264.722793
114.838382 135.809075
274.879207 153.187675
265.290461 172.688008
104.787721 289.341200
286.817256 78.566264
238.742487 180.873394
124.992732 267.164304
292.659702 136.134284
260.763680 143.947021
248.476604 180.210246
258.283551 95.952172
277.655999 135.297956
286.855808 161.398239
268.004030 108.917780
121.780547 126.013792
288.289781 83.287561
114.790811 263.068833
95.986298 168.576688
271.300757 102.641879
232.340894 177.688826
92.404675 163.530863
255.825097 196.699764
293.408377 178.222387
270.579864 131.278061
260.836903 191.313019
267.623678 157.244366
246.761508 185.805846
250.191332 173.589858
282.587336 96.217731
96.779853 147.797940
240.545423 174.370024
289.309491 126.380247
111.716944 263.991221
269.149539 155.653060
163.243090 263.502053
254.089681 194.410380
107.157836 135.897427
94.733158 149.216315
108.525087 131.604935
283.577227 191.373149
261.597874 169.930921
291.285469 65.972033
150.941620 263.828290
162.083431 274.526471
255.494648 181.582329
163.277847 285.119599
235.051102 198.796217
112.269055 134.542006
149.092405 279.846517
104.627824 131.264013
135.480741 256.454232
126.248827 272.420175
269.236022 199.626198
268.178437 116.408108
138.555247 194.481681
233.157373 187.082236
145.182162 269.513518
164.111769 299.385393
110.959292 256.289124
237.504995 183.999670
309.568652 95.184325
174.284571 314.927678
270.208901 76.984745
285.689702 176.100219
283.154036 119.722533
140.053116 237.840419
95.492078 137.486049
163.085782 302.057471
248.458957 162.815237
278.201001 112.241525
248.842106 112.885057
304.178971 191.170860
286.884291 193.310488
162.220448 279.591737
108.565820 148.039952
127.171270 233.410681
291.604599 80.420485
153.358773 241.856450
271.544760 74.748332
283.913306 134.935444
246.708436 179.591923
299.433446 87.959572
284.144865 188.958829
136.921188 221.566260
289.466226 94.994862
264.680982 177.582491
154.769851 275.886469
269.026514 168.618942
262.089996 180.017672
275.735345 108.749252
159.737030 283.005701
245.953511 179.359237
272.118332 135.084714
265.148645 130.462439
117.784308 125.278935
112.479669 136.538458
277.989142 148.754968
144.666079 251.737856
123.546960 231.704846
281.115480 159.649059
209.873567 174.193563
146.370407 264.896587
89.819200 171.039732
294.920203 128.778000
262.130929 171.834275
270.146160 191.660566
245.159476 174.010398
230.498190 180.177364
139.393528 266.118920
211.853507 162.499359
274.081238 135.295344
232.579775 195.528217
311.085138 116.380800
291.289660 123.596624
104.906626 146.742140
254.942717 184.311986
276.410316 77.308702
285.827749 97.519613
277.133652 99.100342
97.292517 156.545746
244.021794 175.223289
123.810110 226.090063
276.608992 128.398612
264.321171 127.209569
258.274682 181.636384
96.437052 165.122898
312.712713 123.142383
298.190311 102.463796
270.983014 103.304584
142.306036 227.175323
210.357997 145.896761
226.742001 196.806670
304.544256 155.061645
251.993678 176.028450
98.869909 143.389968
269.686667 125.880354
273.825268 104.867849
101.161417 146.862546
91.218458 153.761856
152.835065 292.474986
268.926691 112.371358
142.631624 269.544021
278.785454 125.552420
280.833678 121.696281
293.154306 140.455524
302.280486 147.557518
293.382747 135.210752
144.822879 269.554468
270.827061 111.706748
148.075106 242.588804
136.748006 237.743983
253.338099 177.475038
252.333188 166.257243
98.260786 157.735548
266.242275 128.795152
158.850359 284.105417
242.599982 157.077376
237.168680 166.764362
258.133580 198.248970
123.522249 118.139779
202.793452 176.992290
138.502557 289.062717
254.542344 188.447462
144.326257 296.896033
129.121153 241.185970
158.663916 274.048835
269.677964 128.513111
246.857933 183.562364
251.463064 137.276500
240.324527 148.152198
273.858516 131.611825
262.184798 188.037863
104.769712 252.792092
259.123225 197.940051
266.968046 80.231126
280.269388 111.908185
281.760315 126.061733
92.578982 157.365708
252.026282 190.011404
101.149097 154.013342
246.660706 170.864017
94.121325 159.208205
146.560768 243.391140
99.749906 152.220132
152.212218 281.943302
110.576307 143.733751
299.515982 105.492421
302.051719 112.838490
240.570303 170.745001
122.760851 245.264072
257.188245 126.471618
258.867775 177.043919
239.870852 169.219723
146.559743 279.323882
162.221403 303.940992
267.792456 71.512856
280.829148 185.374883
219.719137 193.446195
92.891423 171.262261
286.016970 146.834606
280.190253 188.011821
264.834259 171.267622
95.502840 158.832443
127.014939 239.624568
101.451737 143.867228
133.170326 241.617108
291.580910 146.515414
266.143734 113.934644
290.348400 100.763575
283.029662 160.594778
218.829821 168.887043
291.003811 126.717355
101.889801 147.286893
240.149977 161.447512
251.776639 164.905796
143.603190 248.526852
248.120900 173.063725
269.902157 187.385429
295.001372 100.479734
255.843331 166.223444
284.965283 101.926664
112.005836 138.701743
273.708871 210.233442
288.794834 149.190334
254.884622 175.053168
283.016158 94.947322
95.957567 166.426794
329.831093 146.064799
150.550545 277.941140
247.135241 179.703642
271.656351 129.586067
144.489927 245.691043
297.834711 142.030724
239.714376 157.376482
100.466456 151.214203
291.417656 207.675560
238.109528 175.895762
140.397364 265.796705
242.778085 170.595958
249.829574 202.922433
132.120921 266.658102
270.040962 183.382955
128.174796 280.088833
285.366088 124.799424
279.440786 77.182811
238.520069 173.721235
252.296295 195.882377
280.740233 91.780842
295.560247 193.859085
250.625181 177.166173
276.953481 115.621975
138.789274 243.688885
91.599961 156.715866
290.516599 110.989483
146.453173 272.298545
269.030937 119.614737
153.269226 260.903001
274.020082 122.098121
145.002218 301.104131
302.379967 206.145914
256.278999 175.811258
284.536034 110.930663
307.840307 118.615545
255.503275 160.499593
262.205862 171.145912
229.036195 179.388925
279.664741 210.571144
244.653221 175.716765
289.620593 111.597104
210.541820 186.051108
101.472155 135.751852
283.924560 103.266788
103.296273 156.718651
146.319809 251.737958
265.706353 128.744269
149.547084 243.557045
293.617468 111.961668
156.727768 286.748126
271.687642 109.560324
309.162150 124.935255
117.917642 272.067531
152.574429 261.326888
106.752318 146.083250
296.398774 116.690289
279.785440 110.345533
151.196807 289.411111
129.355882 266.519585
278.609433 79.376707
220.406277 172.795699
284.293835 109.089177
307.720238 150.149339
268.593968 124.157654
273.650499 178.784311
296.664377 125.146027
318.060640 131.196829
254.602957 164.873923
239.810707 177.183533
129.009026 245.494162
287.846826 92.037900
312.580222 154.677323
145.168171 242.907781
241.807150 101.896008
145.186562 285.136591
152.750580 261.077999
264.469518 114.957508
284.704625 194.498207
139.407790 227.750242
277.566855 108.073715
273.579249 140.871213
271.097571 182.646153
247.473725 110.260269
121.570834 130.667034
140.088845 241.321108
157.319157 243.380249
97.659786 158.504715
134.024015 223.638820
226.993220 176.423649
83.860905 152.183979
113.722943 219.474517
283.687959 129.595406
254.481803 84.535480
152.809299 266.407882
295.713643 107.473265
124.213401 248.851949
101.539346 139.302344
267.814645 196.908535
288.297481 190.045796
135.697078 220.835114
123.310509 267.843940
306.235967 137.734725
280.068155 173.370032
252.692338 123.764328
208.471106 177.659772
226.152272 185.628286
279.503276 134.089756
129.706917 240.160031
137.499157 271.700365
261.433471 181.306298
123.824378 293.824314
89.570725 152.228931
141.531941 265.781600
97.547363 140.959580
162.934390 295.316124
104.972560 149.204974
277.663900 178.295823
138.409640 262.616323
271.485510 169.312873
299.240022 139.787124
225.364579 156.530285
243.501908 192.589352
259.465500 182.118299
92.191123 157.223207
290.596639 109.210113
269.639923 204.952783
287.493425 163.439296
278.660547 142.291636
302.703909 124.375939
108.362031 133.744264
150.401770 270.725123
110.871982 138.914163
78.169612 173.055625
113.536084 134.551968
274.900224 125.034108
158.829415 286.161862
72.825680 172.025195
130.089635 229.923605
264.883795 178.890276
285.452304 125.604953
108.025793 141.543551
277.287842 141.718706
226.019695 171.203568
300.076724 122.470048
246.047031 174.696945
142.693937 207.030971
157.464570 257.963646
152.889235 251.727408
263.850974 178.223914
267.589467 192.813275
89.558473 153.203017
276.270778 188.619307
255.631068 179.151780
268.057767 142.599521
163.111952 248.169212
130.694342 230.702214
270.456445 140.173246
281.773756 100.359433
261.171056 175.241386
254.259252 133.284855
297.483967 57.823635
241.870951 170.590180
302.003656 145.054543
279.157746 135.446382
279.080754 105.534544
278.878550 87.046466
125.164211 183.531491
248.492762 176.753383
142.199867 293.566530
140.656760 239.374935
223.515173 192.299637
142.172559 281.434356
252.008364 150.190953
133.804003 232.624589
137.059204 237.299877
290.848378 155.291524
154.914373 229.365730
274.229917 134.568759
278.442576 79.163004
135.839905 264.313814
129.323925 249.811658
240.060695 181.110186
144.626160 236.497942
144.385136 295.361434
251.909828 195.239841
294.157273 112.202476
81.174225 167.460968
92.841962 155.496666
277.235568 114.030781
267.454279 177.098477
98.449631 148.153378
136.517139 274.848061
276.626665 126.567640
91.477041 167.808972
114.420124 276.258492
253.662283 175.932215
240.150190 166.338816
253.125518 184.551129
266.869941 177.716345
237.590555 173.751084
131.673873 265.551380
278.876992 120.948951
89.669793 172.876780
264.339174 176.379615
136.567891 216.175844
260.518306 99.311585
190.718001 174.834512
97.122173 159.922303
280.709887 101.967353
276.363126 97.100926
139.237350 245.624780
264.405711 187.898786
142.721222 272.472137
239.211254 172.801103
220.733538 193.803966
136.922622 218.851051
278.764929 124.622048
282.839076 76.537223
150.612118 262.010749
204.255268 160.867536
132.785494 240.558541
84.992708 157.151147
138.597117 250.862698
281.417931 204.761578
112.520972 138.794762
132.870395 248.792773
155.895908 215.399136
274.040736 104.565989
125.012976 127.469646
145.584264 214.648866
290.402494 165.149869
147.198690 226.961884
253.413281 170.732493
275.808257 115.211078
103.008915 157.889051
132.005942 286.206548
249.375891 187.840248
250.117902 163.630086
257.471691 196.131499
265.794639 108.097451
258.295655 185.027838
146.162164 248.964908
154.756894 284.998628
239.894945 177.551671
129.198623 261.383734
269.913719 94.243192
275.720794 110.464783
294.436233 93.597627
163.366386 281.696270
120.904320 257.834666
227.813809 192.627085
255.306066 179.256515
267.838538 168.961166
138.641226 297.960941
267.839886 118.136550
274.694500 95.074400
148.753520 267.414740
263.247236 179.996804
262.656909 204.552798
101.271375 147.005028
139.807876 254.642287
270.677954 134.871301
261.819044 122.054802
288.441742 170.826502
254.414649 181.498478
255.187754 137.463414
137.809607 263.752633
300.778863 129.105416
302.995730 170.253113
142.159859 247.919103
101.117558 145.902443
243.081396 191.447416
262.129073 185.395739
139.095918 256.551727
258.456210 185.871339
131.226720 213.174662
137.950525 249.730621
133.885058 256.522978
293.139297 197.447059
117.718202 260.194389
164.234671 250.134343
101.219353 144.482807
139.954177 223.742583
298.279591 68.713973
276.029716 136.542876
282.751508 199.834924
143.019565 252.138705
142.551258 241.301483
112.475376 122.121033
308.983275 130.269647
84.936214 168.915489
287.390892 136.064623
268.568535 95.456178
145.515339 241.136493
268.364612 145.127364
138.545795 259.754498
274.873150 121.622727
154.321109 294.389745
92.509604 149.208006
256.269356 194.959222
262.146824 149.258552
143.663946 278.467898
249.072452 178.693570
103.887161 155.307903
158.854118 304.517866
119.791273 257.004961
149.839865 251.385037
242.010967 171.822094
118.077741 140.378450
281.824342 150.010253
101.384634 153.627900
105.760714 247.837132
253.140692 210.789404
271.985585 142.122542
271.557179 128.088734
321.324216 101.334526
272.232368 114.322950
290.962370 92.233488
151.702792 256.406127
156.328734 310.114600
139.064334 297.564480
230.432250 187.166609
228.860891 184.178132
263.293738 128.399872
283.332980 109.679537
158.023509 259.774987
133.790036 304.822325
105.777006 126.618179
288.521037 84.060124
240.436194 184.790574
297.361265 97.541947
150.568167 270.813006
235.690134 176.845421
298.678406 131.953133
140.386754 256.725975
95.438696 155.713792
101.220290 143.954529
266.358611 108.126392
275.731599 91.906009
264.364775 120.082898
250.041627 169.583066
98.367145 145.431263
110.776706 140.412877
118.464086 298.677872
140.739015 225.660682
133.014019 250.889760
119.954137 265.363921
149.310137 288.769858
267.801053 177.549789
156.281494 262.405221
289.531182 118.094351
238.705628 177.600795
242.973419 177.395649
282.350044 147.207620
129.171303 248.614127
306.583289 107.525840
92.837126 159.985936
157.037456 226.107550
260.930012 176.063798
132.553857 248.873325
289.854353 164.405208
94.206388 155.715539
294.176496 79.104895
154.832602 292.416906
242.678680 166.679586
250.409028 193.131242
277.373739 117.253907
270.835071 182.793420
264.032434 116.691065
252.613160 88.022917
129.516940 252.556317
126.823367 252.534820
74.734748 162.344339
264.210615 129.108561
234.412690 188.439420
121.635342 252.634698
268.481446 159.582569
157.635903 272.700661
253.986932 124.358293
252.259275 178.002925
232.504020 181.083116
260.263791 195.038635
269.115213 173.747468
266.913418 55.296635
148.845358 294.722058
247.687769 181.810772
256.117399 157.100467
257.006647 180.249841
113.091410 191.891245
257.362649 204.510251
229.262295 188.018274
243.404104 175.071482
285.027291 150.832350
98.224563 234.332405
101.409434 149.978924
144.975303 261.305846
228.329301 198.057294
263.984868 161.304725
254.245840 195.359686
230.782079 178.960709
147.476858 269.346960
94.940242 165.429552
256.109401 101.315022
264.295469 111.517036
248.859068 193.933601
277.809177 130.078303
278.805660 109.328691
293.796578 55.587820
136.095956 247.559333
256.664326 184.290755
101.983402 154.283604
132.188793 280.855963
295.967843 138.094478
279.273823 126.955234
280.758969 122.107464
286.752125 164.089782
238.383606 160.520067
281.684212 92.892450
148.032801 299.155304
239.458921 183.548346
287.660534 128.198732
282.770532 115.613058
282.757891 127.901244
279.683228 99.669604
266.047374 158.795982
243.369609 175.462045
147.419746 291.693905
235.837855 167.962837
137.625185 243.914543
280.884124 107.118883
139.284739 275.656195
255.083115 196.771087
246.140701 173.529793
268.053599 194.922586
148.999390 263.641165
265.997106 119.499618
126.743623 282.746542
244.032323 193.089732
139.818998 295.442879
291.703148 166.535226
134.963912 306.145417
242.010958 185.328033
135.331918 239.834660
237.271210 179.230209
97.201704 153.186284
154.516711 285.728025
98.621574 148.953540
319.096833 82.795214
125.852490 223.715478
143.064444 261.071808
88.398931 155.318172
168.954987 248.420940
283.411091 107.245241
296.843394 143.997230
128.989175 205.336048
160.539980 262.138619
244.714550 185.109169
278.266367 142.920359
279.623151 181.104951
116.362445 126.824288
155.945883 282.629684
270.617785 83.865442
238.525809 163.387972
126.040149 248.454570
261.465202 169.605961
290.360734 165.526159
157.080241 260.964524
86.913470 147.102448
271.854684 111.781516
207.136871 180.964727
136.760099 272.682758
278.920129 94.075374
220.695098 167.538452
265.016206 186.938055
265.547132 145.851844
134.876357 232.484258
90.295861 153.540984
255.942934 204.155515
285.442873 127.542142
108.074508 137.950325
222.572103 170.128633
113.153415 205.449100
136.282222 243.518243
261.044516 195.742285
275.094359 116.048600
246.165924 193.923212
276.092271 143.020517
263.412851 139.396384
269.695325 109.607923
267.398900 149.796475
146.595223 250.773875
272.823405 112.380965
244.708042 180.874021
86.409321 168.764721
284.022390 110.282336
247.450420 169.919310
238.479404 162.009003
113.011707 274.285108
269.152702 180.393946
162.065285 267.160214
277.985087 115.257931
96.148771 158.524822
275.303763 94.298943
198.277099 193.843469
146.981562 245.996181
253.971896 125.380559
282.341153 108.131304
143.792241 214.339568
152.238021 221.299890
161.311082 265.544352
170.151580 255.812594
279.774410 85.636605
284.081218 176.390053
282.820161 72.165946
284.847811 129.216392
278.548364 140.476930
258.306487 199.535913
292.011211 116.654515
127.578295 269.618513
145.257185 254.772997
117.743563 224.234272
285.946193 96.554348
262.390223 118.480347
282.086949 118.776958
133.382756 222.996477
284.070873 131.347553
134.627190 248.576928
245.341456 188.474699
288.651576 183.569256
111.706669 264.873602
234.551470 183.227456
254.175713 163.062108
142.588424 255.375104
146.812860 276.670619
164.719008 304.944049
250.453860 210.498968
142.248910 241.762782
239.782498 176.877572
254.936221 111.748627
118.833872 270.389622
126.201605 237.313384
261.311774 187.665031
244.543779 183.292079
163.087725 245.242792
218.802858 171.894536
108.804835 133.123276
238.209641 181.618349
161.657126 262.298278
143.054528 309.810909
294.954435 131.363266
285.141959 179.313672
146.010082 260.590085
276.010322 82.089898
107.053798 137.114384
235.988038 168.126784
301.526271 213.686126
97.573314 149.629988
292.233209 146.026591
227.390467 188.678847
268.046000 182.073296
146.652841 271.890135
269.024409 196.213766
284.691380 91.668043
111.646772 135.672289
97.021198 157.875530
244.897303 177.191115
268.830900 173.735602
283.160137 198.366843
136.285924 257.245998
276.249591 95.929188
136.829270 250.134555
264.300403 178.114922
275.424434 199.792506
165.595560 291.933850
146.682568 278.949030
222.276471 170.792803
124.479274 248.849105
111.675076 139.641442
94.936856 163.193183
113.318474 144.793198
239.170785 174.704714
105.580261 131.096105
137.139900 264.964553
245.212518 166.031996
231.979969 166.016355
115.796179 231.162731
205.035829 172.625305
277.814727 87.337062
150.863712 253.831384
283.156066 124.745690
99.297365 146.368202
275.217110 112.944794
231.014484 194.806889
147.025910 290.895173
228.232469 177.266193
302.159465 142.605013
303.562321 68.354406
283.312822 119.878427
318.010134 113.836457
155.695827 306.378830
260.510790 190.746898
123.035068 251.104940
104.147395 145.928694
143.044743 268.351848
269.182215 150.671218
211.870837 158.471257
282.944602 121.788177
282.266676 91.215565
243.161412 181.561663
152.257609 273.313805
256.024316 190.416760
286.446973 165.610738
237.691011 186.761491
165.270464 281.554136
152.957431 292.157475
163.522812 245.623388
223.389213 176.208095
119.423911 224.794612
247.452670 161.541044
266.477852 173.561100
281.301101 110.994616
238.886083 167.590931
131.180957 262.184135
273.608906 170.704749
98.206961 156.140742
153.521127 249.933695
275.530701 137.175730
259.421234 173.211715
278.368012 197.132811
153.572896 257.918442
281.300306 126.961397
269.815315 123.843852
261.734847 181.077302
102.931352 139.426500
195.793075 155.001264
258.464924 169.226923
275.354788 177.313752
126.460200 218.759015
211.573819 181.512810
136.260958 266.357345
272.479562 142.370824
213.406717 159.983006
145.593610 282.204754
295.264601 118.683973
84.189178 165.036888
276.970479 112.683014
302.025628 163.480382
87.916611 141.797955
124.854458 205.900986
123.917358 224.978131
265.328011 128.591654
252.589388 172.061862
279.682671 116.085288
268.518189 115.129602
79.756383 170.112083
270.252425 118.314503
249.491984 190.670172
132.868729 247.695403
267.583972 113.300541
138.738691 273.629726
123.052189 209.028915
125.247682 230.427409
266.434108 155.154675
288.396370 98.188707
289.236360 83.185850
124.021274 218.406933
258.298122 194.876406
93.871120 150.061435
107.231038 151.369060
163.435057 237.163672
267.030076 102.206396
281.303055 129.384980
273.238829 100.135021
152.803415 262.962727
234.557034 186.388351
268.075583 186.873044
227.942672 176.498543
120.437612 276.206718
267.850920 184.384358
109.606332 141.352693
227.613128 170.047487
265.773251 100.153388
129.674318 265.275157
101.336018 232.628000
97.582143 148.476518
237.179512 200.475086
109.125589 136.012928
270.422064 183.479731
208.118257 179.811012
227.336050 160.997973
264.536279 65.253030
83.945838 164.916686
141.118553 265.493254
128.522990 251.765705
133.256612 248.881258
279.477266 96.674236
283.066477 187.248764
291.804550 116.054346
267.499884 138.173318
146.346777 244.891686
278.062531 97.434457
103.546343 151.325816
142.950813 272.468767
126.730466 259.801951
114.508765 270.813702
241.492708 189.906833
90.558960 159.995408
263.853870 101.110780
223.645079 158.185249
100.625117 149.460179
296.250537 122.591017
276.358468 112.027543
284.989263 102.146783
283.270363 102.521211
143.598815 252.438879
137.950291 210.484242
294.500804 147.520905
258.942396 188.125997
279.101709 183.346462
304.890838 134.750590
261.247446 106.057950
261.893589 89.115177
137.671525 225.049107
252.403585 189.951309
245.200171 202.541875
269.768238 195.468805
276.852266 146.921728
128.365210 288.988060
273.742118 114.292491
261.362647 146.296092
134.851419 236.195642
270.028394 199.986575
270.258075 177.783659
106.077588 147.367688
161.787948 249.077732
290.396469 142.070785
145.451559 282.108207
273.723892 92.449269
208.506038 159.599293
282.663689 100.495439
155.183141 268.800601
254.204215 180.859889
262.359258 177.374770
283.669505 176.910800
120.973852 238.125449
104.781452 143.074272
256.472229 109.369011
231.063620 160.237612
152.780601 251.893424
109.096249 137.932952
259.229970 186.733278
138.535714 228.943306
130.369113 252.155637
93.901758 153.975444
272.187571 188.126269
276.484047 119.795043
255.839864 134.512115
118.775001 233.504369
131.271520 264.112352
286.646160 120.613930
290.783904 198.255372
286.346510 110.164934
270.227774 101.815983
130.123264 117.020265
275.030303 113.644809
271.878344 150.492113
147.402842 260.939349
277.005816 133.701406
274.373159 124.688780
283.821825 96.775649
122.636261 219.933397
309.669956 146.063408
100.817564 148.898864
268.538658 179.524787
136.864934 251.433616
261.493404 119.989079
289.965783 57.739577
143.904145 238.407143
128.285476 240.136321
90.463382 150.233918
152.879929 241.743492
89.412892 154.780974
233.090310 164.162964
141.814594 241.004434
278.925949 119.298835
273.718983 119.809235
155.598008 266.544852
152.289928 251.798545
227.302964 176.816591
144.165507 268.638827
152.049822 260.494109
247.269522 185.992379
146.475160 252.409078
84.844162 171.345886
252.361471 116.246704
267.316565 184.162453
265.086399 194.405853
152.407286 257.573058
105.564082 138.195678
294.839212 104.742438
128.168521 266.465256
96.931743 151.384747
247.704201 168.978184
292.513870 200.862171
250.918696 173.514615
131.834346 272.206562
272.577789 143.714473
169.658730 264.213003
247.439334 123.357476
285.120382 153.144036
104.700425 134.976892
106.271505 141.523538
100.539460 157.718259
271.473745 173.858692
303.775402 103.045692
290.454174 102.713025
256.172971 194.444944
272.166620 123.533218
303.113034 204.060076
249.662509 128.114705
273.863997 206.300423
266.834410 187.486812
287.652763 137.134721
310.519938 132.275905
236.611001 162.693798
159.575348 262.683181
152.655870 234.661887
116.318942 250.663286
271.256157 177.382199
124.873546 276.406796
240.486680 178.348032
299.063851 107.400687
137.923490 275.571923
286.454972 106.594866
228.978435 172.626692
293.117064 138.545551
260.053265 196.669910
123.766722 233.262741
87.559706 157.622079
142.627320 262.487712
152.104678 261.631946
236.102479 164.552541
311.644902 110.691612
268.319877 199.237137
274.069708 80.448711
299.673596 213.109017
144.869210 296.855027
272.569361 129.461552
266.288775 114.451405
142.883101 234.581201
247.188868 188.635092
237.188076 174.950480
144.355655 249.627030
124.860432 243.710331
284.072492 133.842589
225.950918 183.078924
209.044356 155.619511
251.493552 193.888108
147.893371 309.126757
148.081228 235.774605
148.096740 268.473728
127.030494 268.730279
295.002790 115.407266
105.282779 162.582158
126.430050 224.485049
290.428975 196.432962
99.549027 153.828776
120.105367 271.723491
104.772424 137.409262
283.645473 148.864729
279.823364 190.120560
250.565231 181.167790
122.867778 257.057244
280.400019 147.012490
226.603102 170.338450
257.392846 195.071992
303.359383 114.174154
251.196627 174.935212
283.491073 74.383469
140.084205 298.090161
130.910213 259.572603
225.278563 162.133047
88.332178 168.994330
255.677507 119.176737
291.627473 110.451774
287.188375 150.919427
273.930185 129.543793
267.489819 126.863884
138.014268 240.830914
268.072718 132.517921
104.219522 149.246798
285.532141 98.111622
281.245464 183.684120
288.289792 161.220145
111.453584 271.065222
274.353316 110.619885
129.039306 247.414657
240.541460 177.172341
278.923824 143.542435
98.758344 146.778130
276.625561 146.383194
107.472407 244.135829
290.725197 89.163011
257.051665 195.234833
278.556858 151.839045
278.533728 172.911979
158.051936 209.375824
298.019394 111.058314
256.640288 194.674242
237.759586 169.514808
276.490733 149.346407
99.758690 146.410871
116.275392 233.483299
254.962272 188.442757
208.990189 156.420881
125.604103 248.776003
74.854957 180.587490
151.047023 292.691851
271.920631 155.243894
278.407334 133.221144
265.917721 168.372089
147.027592 268.542216
299.977762 162.436178
248.480656 192.797611
91.073609 150.829069
134.335672 274.154029
238.154280 178.264115
269.655220 88.954753
278.547186 125.011076
155.232677 270.874611
295.789442 127.118746
139.702443 269.803793
283.334756 190.745936
259.563857 192.863389
263.536450 189.085023
286.718978 158.401960
289.916335 96.975087
276.570819 104.245373
133.712622 270.725888
148.668786 269.770129
230.907469 180.759756
99.983189 141.874651
142.505210 253.402614
113.791390 137.815976
278.256338 195.375936
287.959901 152.089454
242.723468 157.291643
260.595836 177.807650
271.076863 116.122945
123.677971 242.901874
276.366898 83.831259
267.459444 107.495994
279.312114 139.750392
245.249157 174.659690
284.814810 79.658073
144.005872 252.672831
125.457660 260.822534
301.174535 175.807287
98.953673 166.542822
239.832392 183.019723
114.079139 136.369511
272.944001 127.975975
288.325081 113.221217
100.473170 144.271158
236.781523 169.249544
276.289218 123.708981
240.003239 173.737771
93.908173 149.469622
263.952135 96.856715
91.648909 157.025121
256.163119 178.983811
154.196290 229.455418
239.773404 161.243415
139.173160 295.034163
284.943361 120.032179
103.582092 150.457523
248.959906 165.075245
301.984237 118.508906
270.053188 127.711378
247.841400 170.158556
289.390920 144.299648
214.602519 194.628016
247.820886 155.182680
140.028728 219.488002
267.514670 171.916891
224.856629 171.012202
101.095485 153.930086
150.124634 260.483077
282.666647 109.184649
151.172043 266.253094
109.191096 130.609281
151.074681 270.283916
242.387132 182.358967
256.188420 192.985726
253.369530 196.801510
93.476732 165.342425
115.862592 234.265250
146.941882 242.312584
271.621650 195.255540
235.729640 185.548874
86.689250 160.431072
272.493791 171.113509
300.539333 118.922380
299.131382 84.876781
111.510520 212.169744
258.700807 138.703072
150.380371 273.940894
126.596113 263.443544
218.435784 182.368231
134.669868 261.607218
143.407012 250.135206
229.952176 175.580862
217.758025 180.753520
143.215580 258.324324
144.442637 247.726589
246.679409 177.169866
96.457370 144.204365
234.079196 177.665617
119.601771 133.462282
276.518642 98.806473
136.331054 213.501059
281.953186 120.136668
94.820338 169.066686
284.727406 146.720079
108.574244 133.869707
257.932946 180.394847
276.078975 118.706884
281.952689 127.274321
112.688050 267.053349
229.333769 176.867722
274.263936 109.451745
274.331884 143.359380
282.655624 121.774621
282.430732 131.488591
264.585933 166.550833
110.077154 150.477991
259.149656 144.848389
128.656261 292.751338
272.912076 121.220127
266.276412 137.526820
268.888946 158.013775
222.592311 180.772836
262.213122 184.946875
277.210400 92.154257
110.463175 137.215755
134.235784 285.780673
236.426712 188.067086
225.693058 159.471574
251.754825 174.209803
92.590207 151.401649
245.992691 165.458529
288.792302 128.707984
256.664443 184.540015
105.741724 138.680919
168.071325 258.957012
285.358565 126.939998
95.733737 153.354249
237.801420 174.299871
252.713633 138.054021
267.753105 192.226588
242.989481 181.307998
302.439722 119.769420
286.688622 104.800301
250.426538 174.782632
101.916925 143.468462
146.204308 250.701340
309.707811 118.826364
257.544201 179.727096
89.531733 157.067139
273.801877 101.757972
266.847320 145.210895
272.025233 119.845523
256.488683 179.367879
129.482160 270.988967
117.153373 224.952878
146.016878 252.607038
285.445038 146.460251
249.887382 170.698634
303.003633 124.925996
304.192400 165.268944
271.773585 184.799894
125.979076 280.894776
281.572977 171.758039
283.280639 112.544246
154.635735 232.456559
133.750416 281.942490
122.762394 275.100792
146.097266 309.165277
237.475896 174.929951
304.587324 147.644439
131.474020 274.554106
282.525728 116.853999
296.006263 92.449336
222.530264 183.643660
168.762841 264.753641
299.505667 193.248259
297.835895 126.406847
258.920268 167.557862
263.777873 101.323501
273.910230 106.854204
111.864322 144.322907
119.920193 253.508446
156.220714 295.815479
152.739495 252.227904
102.300632 141.313757
153.631135 283.161627
280.828167 133.533156
240.263370 164.686823
246.258435 161.709771
197.337308 148.550315
84.473317 167.739971
284.109051 115.499845
287.272840 191.376579
119.532403 271.579291
93.741260 154.562412
293.012868 86.139178
252.727207 180.638469
135.901388 298.035384
262.598016 117.221777
151.790939 259.814290
263.534288 153.973625
241.868191 154.840981
269.189716 126.048587
300.066722 176.908858
237.488218 89.015433
107.386503 163.591805
262.144601 202.129399
262.442107 129.292464
87.908824 159.536090
158.648395 224.154341
249.609029 179.045659
247.982500 213.215948
260.504782 101.277755
156.192506 278.332037
103.677024 130.940447
229.087194 173.314716
259.858435 184.076744
276.158964 88.299084
264.870614 172.715319
298.320888 102.349334
279.546151 192.473665
259.805492 95.689050
85.754514 172.510591
155.420249 264.595667
95.515250 142.859944
109.101538 142.496886
102.541680 132.902672
165.429589 266.569781
259.377124 180.499435
257.120717 138.507795
151.734278 258.533079
84.355582 162.926264
227.320032 166.832504
266.107791 105.937900
228.064502 148.338321
236.311368 175.992177
278.307600 131.385006
141.634312 258.281455
148.758851 278.931816
285.875624 98.773751
291.783197 123.966323
279.245485 185.966860
228.934141 173.205088
137.406726 283.091193
102.291691 146.171103
99.517887 137.818732
113.297419 226.593395
127.036120 132.247222
263.743670 89.645794
139.465651 233.751764
240.152867 175.204372
257.860981 201.778846
258.458881 190.055135
251.215398 175.673062
145.035358 220.639797
142.094920 287.359235
94.297197 148.313702
155.065380 282.736416
131.537615 265.196021
264.927570 95.750833
148.550155 225.290976
272.928213 101.429845
257.023834 178.294435
289.041069 101.595051
145.693437 268.066463
280.366761 77.328453
301.601771 154.066913
93.903193 155.082465
310.195822 133.666262
142.304551 289.252176
264.112682 112.426130
94.870218 156.739090
208.474999 176.181595
241.084358 175.233698
148.628843 248.791759
270.777720 194.337395
151.988392 227.878344
278.890591 170.530719
132.091400 267.041229
137.904654 259.269347
258.944619 159.599931
266.006692 129.026641
247.683073 178.326063
287.244403 131.405350
261.724373 183.174255
114.579449 254.142190
294.401011 128.087789
269.515700 100.002918
137.941519 248.814262
286.097007 134.767116
100.543209 158.959496
242.561328 179.686659
226.353895 174.926416
85.080832 168.591292
222.792879 162.371184
269.568126 164.128078
113.180219 129.448666
93.110300 151.825691
131.398140 257.103770
141.011752 263.844620
140.769641 255.425842
241.441594 172.339655
147.342821 224.399644
106.458330 141.791742
257.491457 108.496135
259.686019 89.946959
283.880183 75.087000
108.093836 147.861625
232.690944 164.272963
276.970245 127.851589
85.325495 165.478116
94.707689 166.819987
255.871691 179.893794
134.115284 212.013755
152.927630 279.236327
141.154383 240.795795
301.996960 95.875514
104.833043 161.313046
285.385012 146.020431
152.590523 245.100637
218.098148 198.066342
290.369801 184.605934
96.079341 156.092578
149.429842 264.314097
81.283603 168.205328
130.653053 223.922609
267.810803 175.858706
274.002222 91.176577
122.046996 265.040087
249.047873 195.404736
268.083310 172.146218
140.262892 257.956785
154.910200 240.288541
263.891762 143.317190
294.860071 176.218727
135.336875 281.969094
141.862299 242.130479
224.152777 165.035288
268.095576 107.176366
90.872305 156.478738
299.063979 101.012887
229.883001 193.852160
276.644444 174.831989
131.044273 273.971756
298.843168 148.688292
138.815335 299.387125
276.666842 77.023590
122.478582 133.961087
241.453567 197.342730
137.865451 284.600899
83.276933 178.807626
279.862643 175.748045
162.402606 291.684726
275.908277 104.495093
118.408648 258.570223
272.219691 103.442268
277.912736 204.546875
98.343197 149.594012
255.716488 118.913135
154.283077 233.596087
170.847999 270.028731
241.008930 173.438221
275.583749 128.564250
115.480104 205.239534
162.630734 292.035844
269.302725 96.780392
287.331467 76.737696
287.570072 132.008859
246.763700 168.003820
268.930273 124.525275
243.652131 181.002669
223.580290 185.473474
95.654559 161.063423
285.739449 115.069057
248.375594 182.251925
270.884302 109.819176
249.052808 190.065470
124.810140 230.673504
94.860610 145.367166
235.925442 186.027890
167.949132 238.686535
145.889349 258.142388
156.723585 273.368870
261.096840 123.015821
270.925131 145.155471
83.677975 175.748842
129.076028 233.950396
289.411565 79.752590
277.474309 184.584992
234.231535 181.880359
292.975880 106.195102
140.417730 226.161462
131.219520 272.117916
300.615534 164.884038
278.268446 84.529560
130.763555 275.280110
274.925198 178.231107
264.902691 195.574833
304.938121 139.050040
243.724460 193.021596
249.494681 170.387999
256.666676 187.850137
211.632682 168.158829
88.622886 167.024079
138.847209 237.590561
272.936391 136.865061
247.521473 179.773649
289.888783 96.599128
269.366038 177.781527
174.776767 274.696109
109.635210 148.167109
283.445346 145.913784
91.395850 167.162854
145.669022 273.066207
241.077329 179.854508
145.308433 266.666972
153.657632 310.425254
264.013249 191.003661
236.981195 173.815545
298.619873 77.652030
132.780579 236.849683
93.336834 153.224499
232.287458 177.669647
300.805157 83.399397
287.547085 118.638241
280.780097 173.975141
98.538233 154.673218
292.502036 138.734425
147.135069 272.467921
230.625363 166.309555
262.002970 79.940737
310.421411 124.409006
260.273064 106.290729
143.881097 242.771707
128.688831 254.899722
234.163417 200.467493
122.573552 212.722711
248.988970 181.912744
234.731307 173.749223
259.147674 138.020853
146.935100 269.651043
83.855663 162.896573
285.549725 129.962541
231.462571 172.580041
296.016897 116.362449
260.328491 187.583784
219.621117 172.562622
231.366343 185.105232
259.333469 159.087075
278.474718 102.592797
269.081662 80.022378
256.315706 178.237809
303.329793 99.384134
121.007348 130.664992
159.429920 233.805461
297.158717 99.695557
125.776285 270.298467
125.449169 236.645362
301.357046 92.955372
272.946407 125.153787
293.683874 126.426676
279.905963 185.026453
264.331481 112.561892
275.142172 97.876632
274.107686 180.194262
277.590715 70.905198
299.350706 141.594564
139.604297 257.460877
133.405886 296.748584
210.290550 180.993353
236.295122 170.440073
144.331165 243.038330
277.944873 117.008194
107.835711 142.739137
276.802883 142.923294
265.061969 121.324793
132.870925 326.953943
265.949619 104.891937
271.005958 81.924446
175.126961 292.261141
225.089469 181.072749
83.343684 169.638462
227.669259 197.700237
103.408325 146.577763
147.430184 255.202935
124.893710 287.363792
108.046537 142.445182
92.824800 160.851567
280.653531 204.285066
288.596483 109.787324
288.381046 182.927808
145.815303 306.431983
106.205475 142.244188
294.384601 197.926860
285.745445 108.261258
143.998053 221.181197
140.284768 242.745643
279.365453 181.614749
234.428592 153.249653
244.921682 181.007896
310.152110 115.768511
284.027262 147.566988
94.687945 166.993815
234.199820 153.791065
277.115802 94.716767
278.021587 121.185686
248.794461 164.786485
252.220308 178.582201
230.512727 172.479607
140.399639 259.814734
243.866027 165.258749
266.942632 100.197668
257.676503 182.641984
114.502006 229.381720
89.501227 143.583532
92.578219 160.275488
138.060066 251.714765
238.502479 185.286355
142.433004 273.722684
272.613180 114.172835
300.707554 214.865788
250.203976 169.310656
298.016097 122.382509
278.185159 126.503361
266.356553 164.588109
155.134452 287.137513
283.836776 120.166591
292.744526 181.471173
271.836029 177.034552
236.420514 178.290805
144.245056 242.409422
238.664150 200.834481
114.796223 138.828535
93.412251 152.642606
137.333057 276.054982
165.516497 280.325543
290.645266 110.645795
233.099352 172.678743
315.185985 112.565340
286.030148 147.047553
136.538760 256.931464
86.209687 165.953808
299.176981 127.733900
110.926084 235.539914
155.979794 298.848520
135.098336 257.233375
251.250520 150.910666
293.460871 83.754536
270.299931 154.704797
259.203296 183.625160
265.099694 182.106059
288.028076 153.905627
228.819507 171.285903
113.129888 134.182245
135.536174 268.060820
142.023835 284.311728
150.447194 271.295183
118.894394 230.188403
136.843744 280.594508
271.827328 108.495098
285.502202 84.467594
282.888245 126.748809
145.777965 247.490669
124.027004 272.289257
274.780290 189.979651
96.615742 159.062241
139.009687 249.164528
272.355618 165.030009
282.003446 98.581625
135.936733 294.751409
262.418745 165.612236
123.088516 272.163176
263.687085 188.095162
146.552391 248.534533
154.087754 271.849731
261.901795 112.938229
116.664035 238.858213
285.803393 87.315629
160.039163 289.578028
268.218813 184.832468
285.606918 95.257829
146.365632 275.414007
208.917593 178.651845
147.100697 250.874901
273.596808 113.172243
84.746756 169.317466
265.696087 103.259138
96.534303 246.958117
232.012208 181.614175
265.147068 124.699371
144.219306 266.035761
127.600670 263.315442
129.213155 289.006677
275.868888 105.879344
282.191377 204.889132
135.365219 272.515945
286.994549 145.469288
129.430631 278.560594
240.726598 177.485721
148.466764 241.689896
240.382304 186.124490
133.755288 274.018517
139.486041 285.722896
259.958220 154.857232
206.003466 173.668040
257.809519 177.033853
258.276830 172.185636
241.474731 171.059141
260.726077 180.434516
132.447422 243.020411
100.106677 145.825968
301.217193 96.741188
160.719627 256.042312
288.361894 127.081124
111.151083 135.701510
223.502509 180.039632
207.263972 186.014625
135.411901 270.251977
270.140442 140.512412
154.763556 237.398864
122.290802 216.059443
132.329744 264.366844
133.668466 255.888801
144.313745 268.499494
268.423803 117.571522
100.008543 150.444852
281.779571 157.098895
141.643833 251.925314
137.971631 214.896503
300.376289 198.036676
245.500830 199.831323
140.118621 232.396673
242.758121 177.636124
137.374469 281.486121
120.014182 248.628345
122.001836 137.306285
299.295132 195.189149
290.600892 106.748340
250.847959 188.736819
288.044095 97.108206
262.453372 170.965824
130.571643 248.657150
142.080920 229.604212
111.324460 145.154513
101.498701 148.892928
140.335102 275.266967
246.919733 190.227046
150.023746 242.609186
253.154714 174.757274
290.110659 106.514729
156.028977 232.050805
124.010042 255.031402
146.666744 255.577546
121.125711 229.017749
299.886732 82.879528
127.913640 276.841673
128.465398 206.090241
131.424755 235.371727
288.763193 106.312251
110.710266 276.638426
101.257086 142.196383
128.527570 213.738998
234.861236 166.712441
142.594146 245.597864
96.301408 152.112811
107.195850 146.358900
127.404090 238.134532
278.008316 104.754893
151.286714 298.414180
273.219724 130.845265
120.381759 231.242770
314.781514 123.741475
254.508444 174.104644
102.456104 151.531654
278.941712 118.065632
106.851104 143.543336
251.705284 166.870610
283.298300 71.306857
130.850371 259.195511
104.470335 133.710714
100.105921 142.698390
279.806308 135.900125
140.934398 250.538055
249.115180 193.107749
142.029997 273.180350
145.149266 259.052939
271.541768 169.837045
142.632243 223.929317
317.431526 98.794571
274.629160 187.718399
288.910256 120.479954
237.828461 154.597219
297.927932 99.118264
108.122540 138.112784
150.715072 278.487524
98.965322 138.583810
240.997069 183.669360
280.093268 167.925590
221.210334 182.752443
316.158417 141.314097
248.190206 86.903000
150.560552 248.533104
260.241965 191.755796
289.110522 155.188688
269.312619 169.114371
275.674270 151.742537
142.662495 254.881366
271.225140 202.915373
142.982774 243.087818
214.399111 158.375792
134.919113 240.641500
154.334231 293.462357
293.837550 128.677243
101.798584 145.443606
273.137084 133.491176
250.739037 99.688168
147.572002 248.458239
122.673741 132.227711
134.898732 267.119844
141.596574 269.978623
262.543292 144.999747
113.412267 238.850158
149.883035 267.052894
247.428537 179.230819
274.555669 183.981425
275.559854 106.775790
274.274627 140.115331
243.104604 102.742080
146.894601 268.086836
260.682513 162.030892
219.660884 181.886315
269.887103 76.242873
283.116163 119.710085
277.407210 148.734969
152.932371 270.092326
274.172380 138.082169
275.279807 176.595178
274.369664 112.772632
193.987232 169.431370
259.101137 81.226206
291.106328 131.977196
286.576021 109.788760
132.135405 238.084569
132.074852 239.846978
281.015623 106.549640
219.948057 163.568097
106.224303 142.896760
236.671627 181.994532
154.944751 295.627563
270.877292 122.091475
293.309629 102.524071
160.606120 231.953059
251.071549 187.400643
264.742538 176.004343
286.379822 109.268564
269.491634 186.906349
306.936784 158.118609
89.553626 158.394190
278.339475 104.060696
300.110840 111.755681
95.612592 162.397455
142.482697 263.828436
244.230831 181.130662
296.860005 189.962742
140.241015 243.682684
129.612442 260.048187
124.619080 289.746767
94.258341 146.742125
226.926995 180.142880
258.113772 181.053024
278.560261 90.831779
141.153839 261.299681
92.231760 160.007920
264.786926 150.286125
246.676697 185.312891
264.430603 89.844897
119.591633 131.175507
288.816564 119.315488
267.196361 183.241584
85.186350 175.433302
125.754866 223.260322
106.649505 245.267841
139.657447 253.604602
134.721328 232.296448
249.348121 192.855548
271.721311 135.763748
233.517546 191.667988
276.769423 99.439379
264.437008 182.765898
139.823547 288.708316
246.596530 181.246128
224.987360 177.647294
286.385125 100.986161
155.003754 261.890050
288.654559 99.661231
276.627384 157.496530
133.200745 242.032734
248.821529 115.127953
282.033525 115.787137
264.329133 169.014839
140.558855 307.698235
267.464484 121.743214
270.652266 106.672618
102.700095 142.724959
147.379532 288.731235
293.058973 109.824181
217.376346 192.105709
247.027877 186.331052
268.043251 145.158932
301.241454 100.828006
243.280811 185.139912
263.470864 127.440449
109.099490 144.400331
93.302112 207.524096
239.860570 188.339047
161.105922 258.994967
266.401536 110.342033
138.606563 238.987621
121.985515 249.408705
129.340887 206.869639
139.841960 211.039643
275.958333 208.231258
155.927281 230.526507
240.194056 184.000285
142.341431 234.085657
142.026838 263.846331
85.620650 161.725661
137.729675 267.590360
157.333490 279.731188
249.300152 179.382540
140.136495 266.067809
240.317900 176.962192
254.518409 150.478325
270.732854 104.833730
124.670387 285.208662
115.026599 255.895818
236.140157 190.001195
303.726309 128.708410
265.411988 151.913891
97.534393 137.847168
108.421034 194.312939
144.845738 262.462143
232.443456 182.697406
157.906804 224.932984
256.609555 166.679402
137.499318 245.911277
268.437957 125.498220
133.580208 215.004830
288.271229 124.410060
245.519962 168.720629
263.557299 92.598840
298.631482 119.014200
101.556595 139.660182
148.578556 260.404066
163.642027 286.265735
275.851643 179.709627
247.347985 173.413159
289.931835 143.784005
276.525124 105.569845
249.485687 182.382547
144.338971 272.103879
268.532380 182.475861
147.567474 274.556781
267.242278 196.018668
278.424238 114.729776
170.041950 266.776297
112.788700 130.144780
139.316357 233.954671
108.478744 128.070421
142.382741 284.782196
243.897231 162.090598
137.072739 237.647244
288.327186 99.576966
139.295435 247.857087
282.888267 169.960041
122.941859 230.694569
281.697544 185.921628
239.127830 188.699110
289.636066 127.640673
244.592218 186.020286
143.962137 293.631854
289.308627 156.382153
101.009072 137.543910
136.763785 255.008659
209.301395 180.029488
265.160558 117.605977
281.589414 91.718544
135.936907 289.253235
131.768533 209.107155
224.975852 194.062234
220.181021 174.199671
152.388105 272.180447
277.721086 133.695482
98.617374 146.739919
137.798914 252.962274
290.295574 104.061383
134.555000 260.852379
244.166408 172.508421
99.652560 143.249392
277.705739 197.613696
288.060274 84.264867
289.994555 106.716485
275.976779 178.807975
140.894724 262.336439
283.360855 95.667897
145.577915 253.101791
131.838822 325.454689
312.539298 144.538028
256.507361 188.617601
95.240317 161.893959
164.118219 305.875871
150.155157 275.634981
232.452163 167.947793
101.568188 145.284853
137.516802 225.709530
106.049982 144.429527
232.781863 164.652218
216.788460 181.953217
115.535778 123.757161
82.851264 174.222602
279.621900 204.417205
288.612451 193.966545
115.373434 270.319658
287.510685 132.312066
115.094298 137.324371
95.749330 160.178560
251.848608 174.064471
159.347959 234.741268
137.132657 259.487803
147.935345 236.036735
91.870213 165.921792
158.020994 240.584144
138.428675 232.933890
126.104869 270.392700
163.429533 318.151626
90.461442 161.582470
123.390253 275.029579
277.397014 173.869978
235.155391 173.674323
275.290981 136.261920
261.896538 182.056962
269.110347 203.421543
92.671151 150.204575
121.110288 222.302483
241.128679 179.448510
265.013809 85.630207
283.540584 179.830080
146.006564 236.997388
139.152719 272.221680
258.422559 81.288630
229.390148 160.287051
266.805393 169.508419
129.943024 232.971086
123.343651 130.029365
272.664043 90.408592
271.769555 110.730665
293.967646 136.981875
284.221179 101.845863
233.141528 164.833795
259.803052 165.277086
84.582386 166.294050
282.309514 159.679523
270.656259 109.872573
121.882156 247.935017
263.861581 83.883418
105.310378 136.262524
301.344983 63.663502
209.917383 190.469381
137.472669 291.700313
262.050914 131.595980
278.117055 86.102158
257.404785 162.408947
223.372298 172.398223
323.442604 202.922497
123.359628 252.659355
274.863426 185.385186
280.255725 187.972352
125.734959 234.374130
138.590546 279.152539
145.812855 278.873997
241.315515 170.691091
125.601849 298.113302
278.593754 139.855595
306.970138 86.819088
247.295768 189.052506
120.303928 240.608778
243.950421 199.072783
290.151160 124.548458
264.473711 188.890814
95.686235 158.826330
167.129210 269.340268
282.693628 201.011909
316.310860 93.996061
229.092902 162.095382
125.921059 296.778726
222.799102 163.508297
255.812580 193.709718
262.681228 96.955730
230.524976 175.276097
177.118186 135.990819
83.689111 159.571932
91.104775 168.960215
261.743500 186.887368
120.035640 226.778434
289.343091 156.953030
101.889464 141.927585
278.426352 102.319249
113.514221 132.400386
306.672658 118.065834
121.686032 226.857457
252.833462 176.749087
144.378433 294.680046
109.982382 139.406374
279.822573 106.746319
257.789587 108.444050
131.183965 242.127937
247.074540 189.957165
127.845499 251.645045
229.770394 168.551305
246.290334 175.627920
271.881216 134.595805
216.696044 174.125500
148.712599 241.329019
152.241407 228.613092
138.891968 205.942180
289.762265 142.280168
261.254410 166.652351
236.979435 176.493105
135.447730 278.943924
110.491717 250.760436
252.362687 174.043333
267.955836 98.539793
155.220568 272.244831
98.575899 154.659595
277.050904 122.685963
262.529970 201.346666
129.491329 280.981648
198.314973 150.327690
278.658416 169.875721
106.421591 158.157138
239.317909 177.488547
289.729201 122.005650
296.101283 200.337468
272.237897 117.685744
270.413490 191.715614
279.129450 122.905240
116.232768 257.555865
275.617581 104.411319
144.412907 239.662013
98.086402 138.793226
257.768542 101.131279
290.286956 130.832214
121.289359 285.682230
266.170226 157.296104
285.260290 187.408805
281.713728 157.485306
279.181245 103.537839
265.013705 204.655786
289.612108 142.362774
160.934581 255.411312
283.005709 97.612379
232.573938 172.134523
137.285808 240.404455
257.654244 150.495974
125.735445 273.692474
150.649674 284.835458
82.033256 164.103353
99.849481 148.979344
87.574424 159.551713
301.776983 121.881224
292.582328 100.142692
93.181399 159.190452
121.747224 260.813332
291.680062 106.194421
250.408086 184.242575
269.345827 132.975536
100.392692 139.855578
303.596242 137.327817
139.135014 238.297452
122.265689 237.577603
277.661105 109.619365
259.763520 205.432306
246.250916 185.246950
241.806328 173.452182
276.588283 135.416580
100.850330 156.420001
146.117497 278.775156
213.637996 177.490812
132.727002 223.202702
272.837131 135.787114
279.877480 187.108740
124.656191 247.537915
265.531896 94.832830
94.540956 162.002609
298.060427 124.001941
271.844720 156.614212
276.655862 200.647622
103.087752 151.549389
247.756184 111.101904
290.851970 104.972870
274.571420 112.241339
71.519634 172.915431
271.370835 176.343351
255.222122 193.730230
292.740668 154.162414
248.284833 182.802858
102.334924 150.376991
301.164150 132.418489
221.538323 167.607352
98.667783 139.636750
269.274265 171.433351
123.363567 246.232301
225.187657 201.327293
253.433132 133.469757
167.312310 211.879688
256.358585 187.167846
242.667894 172.720807
267.728530 182.452482
73.472218 185.956383
245.533024 192.075411
284.839492 134.476403
262.150313 104.845961
245.856871 116.440965
113.820406 137.511701
254.068356 175.759231
140.514957 247.157818
138.873422 267.298268
137.938430 264.411970
128.649894 260.424806
267.801306 194.393025
273.562328 116.973672
243.871102 175.312417
272.609207 141.149893
254.444154 124.531466
282.255934 126.093910
272.901622 104.418521
293.013946 98.911145
133.899656 277.342129
274.901086 128.807407
130.954357 240.484563
84.684320 155.679561
289.370569 95.030815
284.709555 102.562554
102.927612 143.995879
291.019976 134.628397
133.741704 272.406599
151.430923 300.399283
160.815066 275.440733
225.215832 167.859877
238.571785 189.771694
277.558582 152.591003
290.676262 184.122510
95.234383 174.110746
227.105667 162.917366
283.472883 90.909218
139.526029 260.627245
105.434071 143.900542
238.636785 154.785147
262.769889 156.944838
135.186328 240.545130
109.763437 150.198600
93.978419 153.402351
216.088805 190.471101
258.886090 175.829806
140.884075 258.691905
84.506376 165.906974
250.836253 173.856697
263.588158 108.481986
252.237297 120.397315
266.469304 62.608350
134.265458 260.437668
158.836699 262.871637
134.786006 222.534134
279.050960 75.089138
288.527069 140.061024
241.006254 184.893309
97.031411 142.599095
293.403104 139.504860
283.257182 131.445168
299.214365 106.707321
217.932631 167.576680
291.698447 97.778607
124.479364 281.122394
143.704427 265.994001
89.897469 162.809757
102.899032 154.776846
81.301765 175.073882
271.312270 119.821854
281.891733 123.826666
240.387620 175.383712
278.070082 190.727911
131.814726 247.276649
222.384945 169.595779
238.178909 174.376648
261.797527 118.320219
137.406736 251.070161
115.652491 232.739847
85.177247 163.624887
135.807846 227.573026
274.820651 178.008815
245.604659 184.856689
255.861596 167.816010
149.813455 220.694720
261.089934 191.678117
100.246067 136.225174
306.104259 201.909639
266.233732 123.332329
102.856602 158.431120
135.600215 243.896883
141.165981 253.706038
271.692209 106.053889
222.557699 178.055758
280.652483 128.748758
148.633247 227.446223
153.266674 272.481580
84.333718 154.671816
262.540849 182.617059
284.852944 135.034512
113.354921 134.940753
150.481486 254.076702
272.446647 121.979550
119.347856 123.293117
150.232778 228.666273
99.331361 157.309391
264.604600 179.094335
263.565609 189.634293
103.649100 161.637085
97.318134 147.980289
264.577262 109.246972
145.765911 284.885240
215.596726 167.925747
246.819693 175.695600
284.088532 90.669997
134.876435 209.645297
271.056737 193.577701
102.063757 159.519626
134.362624 266.399524
256.154901 129.896989
256.901435 171.298727
257.425165 197.993705
272.524765 172.757870
269.243107 175.411718
284.897018 124.195292
232.450924 180.671647
284.594778 129.092035
144.562278 252.998939
88.773330 155.846903
243.224156 178.674871
279.240120 167.839166
290.331288 110.683797
292.323639 160.089434
258.249058 194.818834
281.449846 188.192542
294.235994 74.709793
205.277569 168.136615
127.417933 229.730875
303.377326 151.197863
279.033354 121.850037
246.535561 99.977059
228.086908 157.129762
137.093873 267.911534
219.047203 201.504430
109.833450 129.614969
139.606621 282.900650
284.787219 114.876849
204.043541 182.729893
134.349007 247.969393
257.734505 180.435640
265.854083 191.437381
149.386104 266.670586
146.905541 271.444481
274.674028 150.280940
158.235877 249.251480
106.158388 133.622435
293.675079 130.069651
230.715203 157.578672
160.165607 316.452172
146.971942 269.747665
274.240705 171.026070
268.362950 176.427608
274.951526 110.206127
127.488586 256.599306
151.039714 232.227979
283.921799 140.303025
102.722357 159.392033
165.468587 289.237714
289.796507 80.002810
87.445662 167.053090
237.042171 168.438287
107.793968 139.101152
136.672236 268.050990
271.849961 121.111188
282.653083 160.947266
292.572613 151.261663
229.859180 161.577148
266.619537 186.303506
239.930989 173.352369
147.037815 259.577551
273.284710 192.121617
269.245251 122.376590
281.858288 89.783285
236.810549 180.620420
139.279146 249.211734
282.532949 133.598641
159.336297 286.262046
269.116877 186.698696
128.785217 248.421048
263.752250 182.356387
306.901215 132.890868
267.482033 136.312053
85.963843 169.598742
238.917742 172.023473
286.275160 98.952722
95.679172 164.139505
223.209356 162.092732
270.095071 156.955766
273.800445 97.535874
286.136027 85.170244
176.199012 282.805210
117.529391 131.590145
210.363035 168.777134
155.882679 212.112757
287.249959 182.590971
133.563160 302.618710
298.445824 113.929799
267.555856 157.318553
145.888445 245.020537
129.396895 289.241474
292.920903 107.661383
258.028064 178.223946
226.763084 188.833325
287.530317 134.532733
121.822214 238.781988
104.841009 142.821601
251.710075 121.394102
256.590755 175.345738
106.100222 146.749275
159.573714 310.849126
271.873547 181.129001
261.163964 186.844596
235.443681 185.595654
99.458231 167.159306
272.984824 187.186951
137.971856 287.142009
139.512211 253.314823
219.542874 164.281012
115.294419 196.968231
268.432858 78.545319
165.437731 307.139550
254.372920 174.080346
299.419890 159.509507
138.616550 245.428737
259.408062 71.043663
269.951301 172.647414
267.447789 125.942168
148.548213 243.901145
268.248705 89.393011
262.412247 85.880654
264.962313 188.411400
299.237473 167.954358
147.278427 255.192277
86.730980 170.654097
235.875726 181.466489
264.990404 166.133583
107.033402 138.547500
262.976659 120.161347
281.054500 147.892617
113.197385 264.671044
291.493422 137.173095
119.997419 123.280329
81.555153 161.150806
145.172495 262.834174
132.154878 250.542575
276.781638 119.633260
238.427509 172.149779
299.196174 173.260898
145.810284 215.080840
234.391356 187.151154
309.982533 141.462737
209.432302 162.370677
276.699539 135.801215
229.253279 158.150572
255.832934 66.213687
257.494204 177.680178
261.770970 139.823756
282.447039 154.483665
286.383879 112.711506
273.628391 106.011596
98.377393 148.732083
252.540499 185.124211
272.213733 159.171731
287.934045 105.584977
287.387530 94.292194
281.276757 176.728011
134.358931 238.087048
106.141408 142.375541
262.190664 120.667541
272.697796 185.662059
227.916001 175.179001
142.538446 271.542889
247.409745 167.452313
94.617418 139.047376
301.497567 147.097044
261.643378 174.045349
257.822674 178.089092
89.958947 166.453466
293.303459 100.562216
283.614701 124.628449
145.625944 299.779809
298.887845 118.398784
252.697698 167.881433
273.919998 93.921826
146.743362 225.942939
311.979848 160.955043
126.301209 223.858313
272.686542 96.052513
150.628518 277.367119
259.301493 199.783464
94.547323 145.755990
262.115526 181.068274
270.258450 186.984038
251.756194 188.286882
233.207715 175.847299
128.679662 239.049512
250.094881 185.264610
308.273957 117.538343
132.678181 290.971389
246.453824 181.247056
132.873585 226.268476
161.480385 264.203154
226.207650 187.888903
277.813648 113.167035
291.847227 137.376549
279.544479 111.159342
263.650259 120.735387
145.568589 227.074516
144.731774 249.578537
233.939901 172.051278
144.241268 266.951969
84.855329 163.384999
276.379541 200.822350
267.032027 98.061458
136.342720 254.152243
263.715157 148.221928
272.132234 140.297700
273.044765 181.127046
139.762274 237.608559
150.675964 242.182937
275.450658 99.134273
262.585950 84.503574
240.631929 186.449002
277.646722 115.257754
285.814471 112.802779
294.023551 201.687097
274.060715 144.176958
296.180521 155.234242
98.997687 150.326166
258.457604 188.299057
149.960102 245.737716
131.884153 311.830247
284.757222 137.008770
277.731586 103.066906
278.225300 133.100739
120.790513 136.695380
140.283021 278.819988
118.405742 254.740137
227.455137 188.075087
288.768176 166.030182
208.052956 180.516938
146.189203 262.560520
261.054253 178.346819
269.075956 137.947365
147.756256 256.710184
201.581522 168.026072
282.248865 149.548213
154.162598 259.183163
98.820281 150.938836
246.444925 187.673280
257.695560 86.792620
223.755228 180.945201
270.458742 132.813671
269.357141 185.078629
279.551881 120.833156
263.345641 195.825254
279.841741 65.050426
154.285395 262.212696
122.580104 266.812683
88.129446 162.917698
143.321480 294.855748
270.838661 132.537481
300.208418 116.020006
283.633156 117.890306
103.022268 140.769017
264.449196 119.453550
128.688932 234.756005
116.978522 221.520425
110.125005 140.654292
119.291085 124.673492
109.931945 124.782809
274.292244 141.870867
271.541647 97.300534
285.287948 116.245182
277.177833 104.242203
294.937587 86.782074
241.203730 190.548914
121.103160 233.506564
299.002509 116.050007
260.932420 189.010489
102.537837 140.910956
250.061531 172.154993
134.432465 240.651762
262.650951 171.428467
80.307964 171.352329
234.965851 164.548997
286.995129 119.784386
149.177655 256.483655
110.319430 237.380438
226.333246 174.612723
267.922009 141.058653
229.988705 161.737181
129.885387 301.966486
270.503744 199.478364
146.806659 261.377048
272.595071 113.756088
281.873162 136.330718
153.728223 260.293790
260.555840 149.271476
111.572204 138.444556
255.924486 192.933474
153.628755 268.201186
251.988217 192.816479
257.797597 123.055140
255.471186 117.398064
246.603948 179.445725
146.980517 246.653547
120.475361 282.468615
242.683085 172.628030
128.339341 284.050766
138.314619 220.691281
214.983384 170.813977
269.035048 137.737355
261.176392 197.958998
254.284768 118.785952
252.933580 182.063057
313.153580 207.101855
275.223571 194.094678
111.734346 150.447397
133.270964 236.026364
311.436642 148.712063
233.343811 174.903254
142.477915 265.274871
104.028403 154.163262
278.595583 168.320655
217.939138 170.373191
278.842835 115.012451
291.585121 124.100671
99.447175 159.465274
299.831551 59.814510
296.225916 124.180820
129.791783 253.916628
263.541887 116.734622
146.687104 278.346734
282.514253 124.531588
249.201125 166.241389
105.344395 159.992368
276.526067 91.326672
235.989902 174.070508
132.764963 270.317601
106.920197 139.105253
298.015123 98.494942
259.272750 119.573349
104.051955 141.639176
267.289712 107.241632
226.561703 160.429446
226.786299 170.570861
157.161898 281.490040
271.909513 189.439042
116.459725 136.924816
90.883973 143.739480
243.885667 170.566495
124.167354 231.472457
95.127798 150.800724
262.507295 155.264617
156.780794 271.604622
280.502562 143.278094
205.433616 169.020678
203.956364 177.649581
144.957797 283.067223
134.643364 246.094404
256.028148 101.410528
293.484700 177.974658
255.750361 187.445119
137.165605 232.193884
142.032882 259.694657
116.578473 222.828359
140.799783 262.651231
95.230168 163.496070
142.166944 274.666120
148.878354 259.492480
138.858627 276.099441
140.217937 278.839155
206.293511 155.330809
280.818335 110.109852
140.319637 262.375527
266.598767 109.358362
240.578878 187.970909
124.832616 250.208312
78.596048 165.152163
234.126431 165.955974
252.727537 181.546999
144.495391 300.402955
142.597361 252.459667
99.115517 142.571265
218.654701 182.672903
154.841588 283.050772
155.973629 287.242352
277.073889 107.948367
108.303067 130.076305
126.749702 227.943565
270.761925 206.585692
283.481331 99.585102
103.819266 145.736561
137.782958 227.155315
242.354603 168.831856
265.317188 182.625351
126.346324 271.203726
86.252413 170.752049
277.852766 117.504414
145.698379 252.642774
121.040193 232.357206
264.785642 95.632723
260.247752 97.762757
313.064632 117.203754
251.791236 188.603895
296.232440 133.637720
272.152887 113.283353
260.389142 120.785238
127.382466 244.363972
240.826854 199.064563
275.804693 189.660500
125.865842 249.625745
267.144650 56.662556
142.927924 262.879301
268.148682 185.076281
312.170373 81.038018
110.754045 136.872033
247.227022 184.140265
266.429555 171.916898
152.309916 278.454732
218.914299 173.524553
288.896699 124.736935
291.708961 197.649851
90.292616 166.904147
293.506974 133.766011
128.605271 274.620372
277.969370 194.057818
137.524444 283.176503
257.001579 131.174671
99.877493 143.869845
271.996430 158.019244
95.560201 161.304357
274.983551 121.927609
291.893639 108.418559
146.370433 270.529302
115.497427 124.713904
138.675291 258.126815
132.514642 279.053686
134.269237 221.944233
150.957826 319.872951
115.270844 244.577310
244.627922 172.585061
229.752975 171.549508
257.330809 112.636003
134.300963 257.659786
248.668225 175.833277
290.045867 182.894152
279.941393 122.116261
111.732989 220.225609
245.969097 117.377199
250.801596 186.890519
276.331343 173.240063
101.259188 150.490575
245.920270 178.225068
254.367125 177.977079
155.686091 281.049128
258.439024 113.061857
273.767388 131.217645
237.076805 196.393583
257.076142 183.077414
170.928463 315.361835
254.861825 116.336699
94.589125 161.821749
147.655748 282.394129
267.781497 178.683969
99.626107 141.190671
249.382944 197.431268
151.434192 264.217241
258.124829 121.047776
100.360676 145.859000
205.425522 170.150545
93.777443 160.094380
279.570484 148.407887
258.353306 171.977619
277.192960 196.530393
88.351451 163.151150
155.277207 263.976704
143.852173 269.420905
102.048467 150.819728
153.747635 248.026597
261.564638 101.951405
101.725843 155.314275
143.975000 246.878972
88.423591 166.595483
298.905012 93.223823
103.747838 139.021121
284.821499 142.230986
264.228169 128.991099
249.761663 167.571658
294.713660 138.715847
277.985111 137.053209
276.644798 142.972335
140.058668 269.116518
245.810783 130.307407
104.875076 146.295522
147.225146 275.704514
242.370863 177.506658
109.755279 147.680895
171.155697 288.995532
100.067610 147.065590
138.729810 298.039722
137.512000 235.446501
246.636552 166.343180
273.407630 149.821280
122.867374 261.338267
124.605017 251.433930
180.313367 272.115056
148.700165 247.948575
240.953753 189.895476
264.410422 83.823718
291.549184 176.056435
261.152686 194.785517
153.731186 280.361966
102.345545 141.359217
228.543681 182.158930
153.062208 243.108424
271.572018 133.365549
278.699529 110.795584
94.333938 160.042379
154.778966 315.799483
243.151371 167.371163
287.473101 147.937693
256.847639 145.233083
135.801880 226.438245
163.039061 259.428106
252.046573 168.682900
241.840116 187.514273
278.399526 128.757882
262.388846 114.901066
147.148551 277.013225
278.465178 163.118838
153.334006 255.005409
82.777487 168.637629
128.344039 252.879493
241.506016 192.373067
79.652459 172.509071
129.065334 248.143337
262.465018 187.510229
281.662390 113.714182
287.050056 121.998289
148.533429 265.180503
128.755115 259.192943
305.964907 115.478144
271.082595 187.214673
271.711766 173.562120
131.850895 250.447976
121.900970 282.829382
87.177511 166.267790
164.046001 283.624296
230.571155 180.223621
287.427590 130.365090
142.987874 263.078320
98.966673 151.728846
252.807420 189.014771
137.738082 263.152156
176.915046 308.757114
145.582122 250.438791
245.595053 199.863627
159.408997 238.783725
279.214722 177.713040
249.793711 192.327356
228.820841 179.752712
104.877755 152.489582
263.283913 108.930354
141.808781 257.797000
124.042794 260.470845
266.647156 173.296561
132.731619 251.128676
149.377682 264.459054
143.348234 266.264449
159.878589 277.555254
88.213897 147.130751
106.175130 152.897446
138.945083 279.550703
295.393256 194.809317
130.226055 282.415876
241.169789 196.772917
261.156194 174.789346
236.400696 185.111409
236.931470 175.156374
103.495748 139.801694
130.937855 273.765150
294.540058 141.644482
271.225855 90.559473
146.829976 246.532057
289.082731 112.588145
287.289336 182.569594
232.432327 175.733431
241.447924 169.970451
257.227184 168.163561
276.423439 135.863248
126.540395 230.240762
293.870176 119.672118
296.502585 199.644591
100.125920 158.678232
233.119108 169.188465
236.026959 186.346209
141.421082 278.145087
99.342260 144.288494
142.552601 249.537586
104.211713 157.312471
270.728986 189.996133
112.927957 137.998875
142.042652 271.033041
262.356943 177.462411
121.813299 274.490292
275.706526 97.635586
95.315304 161.673832
223.614629 172.258477
138.168719 256.180740
281.118530 117.480805
272.043061 168.845361
298.068147 99.919602
234.147051 159.073128
142.841027 216.379432
116.147741 232.810593
150.438084 235.818839
108.075058 146.034438
150.844418 278.026220
142.832054 267.249049
154.702754 281.753009
272.415232 118.825969
95.213869 165.892107
132.352014 247.605372
143.612109 269.248678
292.664787 132.666705
111.554743 250.216569
266.748187 179.266928
100.880716 142.287036
275.140211 103.054439
99.346104 153.678292
106.414872 159.177455
137.301509 301.890701
147.894302 245.761470
142.714914 278.833495
220.417701 162.559004
158.028049 276.024406
128.134023 262.375622
258.676962 110.836623
206.002207 170.036736
258.236518 144.041730
133.277767 237.840008
271.196555 190.135978
279.243080 67.392888
84.811794 161.168901
270.793536 98.732946
116.053058 237.606314
103.977680 155.659610
135.256767 241.492667
263.054350 181.905478
235.073965 169.608647
271.965416 128.966814
229.073527 184.091369
246.557614 182.936667
150.975916 289.256066
141.781267 253.745163
263.254044 91.668491
246.456159 188.270504
94.222025 151.911356
289.441506 203.838741
271.985209 187.770918
142.585918 277.294618
268.994586 95.222915
94.154695 160.741199
278.232230 107.755603
278.480271 177.946602
130.348832 246.178754
124.379938 253.067685
264.188761 149.773309
111.337142 238.714893
149.166691 261.125724
223.870135 181.089977
229.539865 144.135137
99.515300 157.038668
252.640617 164.390810
100.301487 149.858876
223.306882 171.914949
274.412516 174.194319
272.884614 148.947206
137.034156 236.008124
100.024400 138.930055
227.705254 175.255185
314.436818 144.078786
249.418609 188.157387
282.118531 111.849767
138.739898 215.374201
287.560573 79.254562
133.167134 253.338607
232.259855 170.387876
290.487770 197.142139
119.490083 220.802631
144.780305 285.514147
108.059234 267.100746
142.749317 220.305030
93.807914 140.314652
111.901828 140.331747
263.360040 187.187156
150.164970 289.836909
273.152715 116.935282
277.155935 184.041849
153.693621 265.782203
156.616875 266.660119
93.807361 165.532064
101.432827 147.503037
267.874373 197.814938
274.450806 189.874933
250.367234 175.485161
271.422471 141.178958
289.113660 94.419848
280.704468 113.699266
278.426971 188.924373
256.351241 131.559861
241.194476 179.122330
270.040215 133.361464
90.876624 240.936353
252.651575 180.731440
225.427916 162.858375
261.161161 183.381041
284.317826 212.172245
169.840127 266.897553
235.971425 169.858817
159.241672 255.297712
121.567099 216.837704
291.617426 92.074000
124.397520 261.561638
143.307737 273.038972
302.832133 130.899331
242.112201 170.358517
288.418304 123.230260
99.809188 150.316799
144.490773 257.172095
217.875405 178.326401
257.292248 158.921775
143.495806 247.786891
255.900032 133.658198
123.661064 238.387885
137.272136 241.321200
114.183763 130.129993
251.638636 158.028760
307.574553 71.654727
128.769473 247.154059
259.925184 135.651532
254.298216 175.621132
141.081812 261.062822
255.067919 140.376718
89.553191 151.016933
139.947998 290.328707
261.460035 102.847210
274.237187 185.116189
152.155754 294.125603
254.515397 191.153833
100.184017 150.027828
108.483521 135.785607
155.935029 275.792516
275.620947 106.224115
272.371088 115.819692
237.143895 166.792557
139.520970 257.637284
269.677079 104.010627
282.766072 114.527992
105.428399 147.912548
101.019336 145.225678
126.572723 295.132848
151.774076 287.624368
254.546347 177.547667
134.511403 253.440737
248.816531 187.373581
105.298740 137.857209
99.119723 137.286559
90.277296 150.189330
266.976747 110.811525
157.947993 294.627403
128.523995 251.628726
174.788028 278.237504
115.466097 130.602407
226.882202 168.006036
270.891111 186.237932
241.656011 189.875458
258.016571 174.596559
272.385877 184.888076
270.862777 120.613794
283.293749 115.681794
136.542122 218.535357
274.489912 94.363320
155.275105 253.749066
264.015785 125.782812
146.211501 282.047837
101.077151 137.788350
309.241558 134.305958
126.659790 246.313813
285.943789 96.938961
155.851255 274.745514
89.466166 159.983502
225.189675 192.039279
164.876643 266.948626
272.239406 99.035520
130.664718 244.790116
278.017244 106.976740
144.639286 266.023547
254.697133 105.204943
139.452932 248.810206
202.620740 175.202337
222.647366 154.251037
238.685781 135.140659
295.505332 139.381590
229.530871 162.819776
293.250737 143.576484
138.201288 256.324821
262.477868 113.123170
94.143271 161.636500
146.964527 233.344946
267.838307 92.535795
290.122648 136.813533
302.288919 57.108502
85.658219 150.931145
280.954309 179.615387
231.776633 174.735260
217.356832 169.348895
169.045382 278.814109
139.599282 239.298842
252.295768 177.811810
131.750898 289.561468
283.995187 117.946242
137.403019 243.607381
97.444591 136.245109
115.659183 132.986922
117.433064 257.772799
286.155319 122.600226
147.825787 268.497661
309.070120 123.327970
294.964246 118.628553
249.032437 192.380015
245.560936 205.936058
295.642779 181.647274
285.852885 121.110113
155.305666 252.011313
216.586023 178.091002
127.029216 255.315505
296.156676 170.726803
275.831545 96.064147
142.734509 259.589430
158.781725 271.324565
273.912610 157.447836
153.481903 264.152404
138.160592 237.143441
265.422600 175.509846
137.083039 271.228627
286.510756 112.490205
238.313332 164.569523
137.223653 303.413521
279.314019 173.191708
252.541569 180.516574
115.186665 285.374849
279.970029 115.365631
232.911006 171.881150
260.848892 178.032498
229.878640 177.142823
120.341443 267.727956
141.836754 262.939078
109.525419 229.769015
134.905681 270.052718
90.268798 153.464579
293.852130 100.769503
292.354511 127.309244
104.126937 150.453686
155.971747 263.481548
122.364688 126.754458
276.393701 205.935322
131.811285 224.756732
263.892877 119.917870
261.593454 178.563604
143.139691 255.872568
283.639795 182.545702
137.023673 272.965286
281.274295 127.350065
118.228631 135.881274
265.690247 135.082871
142.305406 277.195119
162.623674 259.869663
293.321728 158.203253
243.601421 192.811551
227.145667 188.798970
278.817093 180.674988
268.873590 138.454714
129.976338 251.030170
135.440040 267.937298
266.472872 183.478168
290.796789 86.477518
286.932009 123.833157
268.632677 166.387848
296.896846 114.122738
283.805819 96.082143
98.861078 153.896271
131.354231 272.630452
135.839628 245.649730
91.803664 163.505231
282.793308 159.786093
223.711392 172.713919
123.670138 121.503020
163.953829 276.796507
143.999624 297.486763
283.556972 144.874607
116.053305 118.403740
220.982626 168.753928
210.811984 165.248343
138.178260 257.413993
113.784287 135.587791
213.823716 175.589518
289.442800 102.827477
134.174533 273.422035
94.266548 156.591106
147.957485 269.777087
247.931544 175.938017
128.767874 225.598608
118.306891 139.275131
126.122649 262.811167
259.920902 115.726994
241.005792 194.746056
256.496993 123.034534
286.806620 131.149845
265.896992 167.216984
242.718591 77.574380
139.878865 236.732041
108.951689 149.971217
146.737333 245.711814
220.787120 174.266449
281.293220 147.705996
99.346280 152.814312
271.919276 183.978805
113.036670 269.267512
134.099490 278.492946
239.456162 174.982520
127.486493 282.470107
280.485221 181.264282
254.150836 182.664817
288.913186 109.648570
98.180423 154.739370
267.849001 187.700972
277.146504 147.605180
278.270133 190.880058
140.338128 269.239788
99.580321 156.429242
250.380641 195.052900
95.540370 162.774733
213.798724 175.036591
117.213155 128.153193
137.921632 232.279635
130.293727 234.376000
88.920361 161.069688
287.521805 99.610920
262.124806 171.654388
315.195567 107.567242
204.212810 181.936737
270.598142 136.733781
276.771169 108.811310
129.936650 277.325220
268.901144 121.088454
115.784791 259.291275
158.568133 257.871065
271.394956 206.400267
124.395585 262.258487
259.552239 183.360422
114.873077 267.578655
257.419079 179.152119
218.251033 180.252523
96.908789 153.722862
264.011475 166.873887
283.562764 73.022430
89.028807 163.293066
105.832516 138.729097
101.648754 149.314644
259.236105 122.929023
242.032303 181.026241
225.358092 155.253245
117.821110 261.978132
156.108484 307.839693
264.522628 132.737349
127.910520 286.531377
223.900584 196.921335
80.361381 172.173636
280.640234 103.740883
259.379530 194.576456
130.930040 254.380847
282.229944 188.351411
137.331910 246.608016
87.447327 167.110597
273.084766 167.464958
157.487806 230.604605
142.271359 281.791825
161.370471 274.773530
211.333730 181.273802
138.750114 248.894234
261.826774 123.701273
259.917869 209.661236
253.072336 153.667643
125.599196 260.617967
99.887922 142.341652
95.477073 166.380723
147.134076 258.009974
248.102414 170.853285
299.104620 113.330292
134.010348 278.234538
149.264107 311.875832
142.270374 258.353492
145.504407 266.597184
310.510523 41.839119
103.774567 149.309037
148.235565 272.365837
237.714356 165.914679
127.790336 264.809264
268.619242 133.512211
299.694262 100.923358
277.103251 180.999766
227.031482 182.140544
270.820706 138.947922
259.401383 189.518352
270.752012 166.510525
85.825503 172.614318
255.611269 161.596947
141.798663 269.264288
265.320968 84.191477
234.705617 181.608027
132.762903 264.436982
299.067623 128.752566
101.884717 153.933333
279.051663 108.259285
157.865638 261.062045
229.008310 189.586425
290.574806 161.859371
148.347214 315.291374
276.141424 120.963485
127.397085 244.403187
174.704159 300.579396
279.340698 130.981240
282.548971 122.435689
286.955136 103.771614
239.294913 179.636193
143.153193 230.736513
247.601279 172.892839
88.316279 174.980891
141.119417 272.734108
250.361219 192.105130
282.168535 96.051652
277.969268 145.959335
281.099040 124.139300
298.775114 133.758672
238.832370 188.123683
145.660743 277.361375
123.170841 251.034921
285.236196 184.382074
124.424204 236.788234
233.829116 160.610734
139.806995 249.092945
98.407058 154.932732
265.852684 145.426063
150.645753 277.783712
154.265186 315.942524
102.979008 142.775329
206.406042 183.685330
284.522491 140.693078
272.459692 101.673740
148.792633 248.352964
118.632468 237.753532
296.922791 101.961065
281.932090 102.200219
234.638599 180.354902
261.700216 188.621640
123.483203 235.106883
257.325213 178.678688
255.256743 177.151860
148.638176 267.232825
244.010118 158.372480
243.320295 175.576117
110.205092 131.918233
277.205052 196.666963
276.158488 141.751934
107.496845 147.070465
229.864922 175.819110
287.227989 186.554231
94.141749 156.934941
100.533418 156.100251
138.461672 247.938647
142.094086 248.496537
266.293656 181.955541
113.155562 142.205611
150.717824 297.087990
248.134060 175.508136
152.363959 263.602079
206.320558 159.740471
256.205613 188.165723
108.598541 150.648029
288.270563 124.270344
238.968437 177.490611
146.333242 250.990485
97.757492 158.671095
271.305291 194.014106
236.676416 174.890860
287.448361 118.689309
283.472106 139.617372
89.721012 154.307837
105.513460 149.067248
271.972704 137.400472
228.573670 188.310362
299.807806 129.861330
284.013104 114.762042
151.940928 263.805953
287.050417 136.138350
253.888712 171.714306
284.605511 110.185889
285.908111 134.838017
292.501498 162.550728
269.028238 195.758226
88.706220 157.794086
282.697080 113.352473
305.992609 99.785155
158.742408 298.892851
248.636356 195.635905
286.018313 154.020069
306.106511 116.754224
149.446917 225.351135
104.954376 155.168379
256.552538 176.767040
102.751887 136.604826
280.418501 134.429108
148.001696 267.107042
100.160512 149.242377
137.816250 255.702510
293.697158 129.604070
248.099768 185.752318
238.359491 182.548153
125.708884 240.546645
299.727076 102.129432
252.009313 103.742112
274.212319 179.227514
251.939043 180.690950
108.575980 271.661088
269.572059 122.695234
279.395334 160.691808
143.833191 267.107699
120.351159 263.485272
264.449887 139.833997
285.523570 146.717721
287.907001 136.236112
235.762377 169.068597
274.058824 115.460720
122.404682 256.702046
267.368499 121.531717
144.639994 259.845177
259.559612 181.062228
106.245823 225.102199
270.760141 135.912896
271.616864 167.432999
102.199903 145.330216
285.204531 80.647577
122.745415 214.821399
95.622744 153.087341
212.691904 172.518932
220.634668 151.821026
203.342295 173.539892
152.533736 230.165486
144.202464 291.219013
105.734807 128.897267
257.548760 173.555691
276.640307 120.337568
100.665073 156.321731
136.336330 273.827814
234.019864 170.467399
284.467879 132.815242
103.850824 142.340687
228.881969 173.679863
147.382697 303.516882
219.691801 186.570367
287.266760 192.262198
143.989501 267.506976
263.997812 201.702286
268.647746 189.354637
284.946880 180.066099
130.902108 256.816295
94.932683 136.078032
242.252106 168.536000
260.827206 143.006040
257.724404 188.191876
283.033654 119.557427
124.742733 224.757052
269.026597 176.658402
89.437249 152.257757
163.595736 267.227790
144.416416 267.914533
145.993501 272.861463
265.685784 118.394482
91.709740 160.563128
295.110629 115.968737
234.593302 183.291724
138.343001 224.150223
299.950150 123.482376
269.225063 182.491003
286.929642 86.474211
125.747958 213.083340
121.675886 113.430055
249.213452 89.960596
243.413813 184.895179
275.697089 172.580368
123.404379 209.311857
286.307497 97.009553
260.852993 116.948821
227.887715 168.671722
150.063380 269.904485
231.955285 185.513603
305.045695 118.404310
252.776795 173.093330
134.292989 261.415874
99.881026 144.185747
271.634967 109.732938
126.183708 281.005038
280.566734 102.790408
140.134279 254.109894
126.036368 244.798386
287.958185 111.775202
112.578934 270.185087
273.040899 103.689401
285.684987 113.383454
141.911614 275.625992
294.811793 130.746941
265.364159 208.781578
289.902271 84.425634
256.976143 193.671454
233.628007 165.521728
260.151080 194.781336
288.797660 134.455238
232.662791 187.554280
289.829358 127.461836
296.717665 98.191728
103.922723 150.316750
255.492360 181.256703
77.346546 167.459607
293.908782 149.936126
252.784203 125.130133
259.079352 119.621362
276.342860 123.478926
146.331856 261.524409
151.851031 290.097847
142.997064 263.469523
232.275626 169.724532
284.369740 155.745486
259.035845 116.918726
140.083362 263.447423
164.912186 271.355536
148.819221 245.996479
138.542227 288.552132
146.193436 257.025636
270.644356 200.409010
242.581233 187.455814
270.443388 98.938536
159.542789 272.084026
111.084522 250.802856
263.064786 190.884782
232.363149 163.125454
103.715939 143.478275
229.863944 171.233989
257.856125 162.613862
97.015479 268.476740
297.370799 194.916732
168.283582 281.021076
245.131224 197.865214
150.897223 285.496964
231.754683 192.269173
101.687734 156.970938
289.859594 95.632618
278.276102 122.271520
266.178462 164.384738
174.265212 251.907206
271.669956 189.588577
222.978942 161.720745
261.924625 116.049361
138.953515 240.931370
146.420683 282.655303
