4
172.983675 151.187502
169.929635 147.184478
254.040482 180.858177
107.873023 148.970910
189.804319 125.301567
165.397162 127.227634
96.038542 150.009202
164.248326 112.463462
169.764755 173.217014
191.947946 84.121815
187.292710 163.889407
169.395721 142.998879
159.719167 158.334624
161.213503 98.787227
189.157964 120.878615
89.379628 164.602979
177.369521 107.418504
99.304503 145.615727
213.773622 178.323714
130.934628 185.359244
168.816420 182.994211
98.944856 156.221590
194.050413 97.253202
198.627037 87.792587
122.668118 146.420121
193.774352 108.227653
215.517693 180.579564
147.480320 166.036890
155.732830 163.674628
174.416636 148.695539
152.484312 165.401163
238.815240 179.238157
130.153529 175.414076
194.198619 161.779491
165.896263 176.283014
199.435179 197.910775
186.194491 124.355577
226.776291 178.823272
171.020925 177.867296
185.921775 181.736334
208.893617 176.532954
170.636979 120.748229
187.248851 184.978545
181.072081 125.307579
142.881848 154.309237
200.787060 171.014741
85.726748 162.954888
186.198041 155.829003
98.228974 153.422668
207.184062 168.124706
195.968925 187.585461
150.946096 137.946549
133.234907 198.882819
101.927725 159.456310
202.366572 180.798517
199.145919 136.516246
105.142379 149.747499
180.985763 121.449744
183.555625 129.755023
209.622966 119.192997
187.595305 179.353011
212.321055 168.671692
122.834146 126.040609
187.111473 179.029359
243.598553 192.622913
155.244993 128.605089
165.778257 118.260916
149.408615 163.060966
223.118201 183.345403
83.105780 174.481488
164.156945 137.324653
137.474946 115.629681
163.602146 130.435532
92.596062 169.332479
157.834522 137.595316
227.235548 204.553084
168.079332 147.694203
210.620650 185.261209
116.314360 153.162334
96.411536 157.586677
113.462742 169.981987
153.789284 139.245000
162.791994 97.027867
219.671434 179.257448
198.479118 185.760161
194.503213 138.076447
115.402825 127.786978
185.642399 112.335655
186.103091 77.295549
179.055399 184.309015
191.749556 185.374681
138.256188 185.604791
131.962569 136.544267
146.006541 147.938788
139.603758 187.756115
171.388817 107.661797
124.207622 120.757862
190.818405 125.362327
199.016005 119.610876
178.250966 192.836897
133.468888 141.795836
92.121465 159.969785
175.487181 162.959177
98.825941 156.137587
122.340421 170.069279
179.363326 91.220098
212.795501 127.666542
231.844217 165.137135
171.691928 86.646627
227.031193 195.892729
175.835027 136.975331
213.995962 191.077279
199.382715 183.143978
119.228500 146.648703
167.331712 84.437131
143.596561 155.022424
93.440500 156.120324
205.905504 107.153141
118.000650 143.165471
156.764685 129.872152
219.960992 184.318097
247.531924 198.117703
147.244462 131.907526
178.548471 83.826555
160.735319 98.189013
172.550930 144.976272
158.089343 181.992383
169.993919 95.869128
205.049418 171.465200
152.930840 182.361969
182.358133 157.191028
120.923288 137.650804
123.300741 155.886727
85.111063 154.532474
217.667768 174.451023
141.432725 178.884949
153.222458 179.963452
202.320145 194.113203
171.304247 182.074456
182.693812 191.034260
186.427147 99.193093
95.773600 155.498129
217.850001 201.264145
127.539509 129.650545
144.365811 156.027411
207.005118 190.620580
135.129455 173.439816
175.433547 173.997014
184.006023 135.285713
184.006367 193.468467
184.666208 159.012412
181.228977 137.170910
141.177634 176.143014
197.583798 128.771560
134.764297 175.042571
149.681035 193.652698
191.629958 104.486932
138.420290 130.949951
204.810709 98.099196
156.060496 206.187354
124.211789 157.715440
118.977215 132.235078
180.553965 96.354704
140.206767 145.840428
161.618525 156.379528
124.684675 146.430060
199.004484 176.870821
184.309614 150.337744
101.775353 115.196617
204.095068 147.613293
174.836202 180.247415
203.885921 113.815905
156.336231 152.068259
118.647476 146.625279
178.737063 143.791314
161.203798 115.864072
182.750137 126.928346
166.380610 160.684484
153.221878 213.517377
193.008581 153.443792
144.134395 184.488909
94.942842 146.544693
152.605675 204.266823
130.464712 157.312741
150.208737 168.968430
162.063128 115.267302
156.716242 180.802976
168.683121 108.722820
176.277809 138.403178
177.345997 78.704376
191.525916 153.925991
168.015705 106.304635
175.635708 179.692422
190.937440 174.037220
165.392993 117.568067
142.496852 146.406144
196.771391 147.124093
196.362965 182.366846
136.007877 187.075149
172.382439 120.640639
220.531612 199.305835
216.045484 187.391319
218.964240 191.686043
148.730777 157.976549
171.494275 141.595434
202.433850 173.939929
93.665790 152.990570
202.543589 173.584512
191.261282 118.640743
206.254598 168.256323
138.570446 189.449437
191.500810 179.144738
167.807478 102.646184
140.390572 152.376296
171.657199 93.294016
128.188679 117.724001
168.450721 156.663135
224.756675 174.807128
217.146955 175.341791
155.153912 174.427810
241.016143 193.916701
167.863722 100.359100
100.367416 156.674232
141.798390 190.342444
197.786469 100.559422
196.026841 178.949511
211.320825 192.558585
139.110464 141.320143
199.371819 188.935377
97.305539 151.524761
183.068671 101.374986
181.750804 117.361802
150.150043 182.385125
105.265352 155.933707
172.678094 113.141598
218.967406 175.167729
219.054014 179.875074
118.750898 98.690463
116.659202 169.399568
185.804841 174.139167
206.511844 172.849631
185.531596 87.831445
144.234173 118.622802
184.512426 109.456099
103.701878 128.649772
196.612874 165.563613
199.760221 178.939298
124.957146 150.057256
106.599315 148.161712
141.556840 131.424235
167.609069 114.106007
153.637004 198.028240
135.033032 184.631813
157.605211 156.695926
187.048319 192.651134
183.981886 126.266504
212.030955 126.340331
141.170660 221.336614
144.047894 138.850977
186.967280 183.387862
188.247476 101.634744
135.534697 142.876549
166.528097 118.864180
181.894106 168.318691
140.537030 194.463694
169.249745 109.768398
144.811488 182.062523
229.342826 199.530803
189.165434 133.271515
113.438800 148.920231
193.330360 102.624210
89.067256 157.556118
122.377739 185.078427
96.163347 159.587242
160.609970 157.095629
186.023998 159.677108
137.495989 181.009774
104.953359 102.536088
184.202860 167.913785
134.588570 141.203528
139.954103 72.700488
188.355030 167.161125
105.556463 142.372538
195.147072 151.300360
205.267336 177.173562
186.148063 167.401749
162.619443 155.321196
205.176483 178.337847
121.340137 125.076328
130.873833 202.804879
151.008575 169.530061
93.879286 150.351010
135.387659 123.300791
123.274668 137.449315
127.596981 112.097485
101.793367 135.339988
160.107303 160.360584
189.475386 144.560002
178.213918 172.066486
100.883222 152.025885
109.933959 135.729532
151.970763 187.590081
175.423472 90.320926
225.793184 192.808090
90.077410 143.339315
144.892794 187.938118
132.009954 168.869958
132.857197 103.911231
205.232770 178.907711
180.048555 115.467676
171.276116 182.440599
226.233990 176.675019
155.195589 130.096679
146.280482 165.831798
139.656707 155.854588
177.103497 134.995103
93.612076 162.164669
183.827509 182.571053
207.772623 170.962797
185.415948 138.916748
203.300288 167.495523
176.349432 111.540921
155.831480 171.092335
138.302837 169.951233
185.464252 169.787770
214.089449 185.935456
247.698426 195.939728
200.367917 201.842282
115.315504 143.306202
140.694646 181.931160
218.518003 197.854249
147.129534 150.918739
171.797552 186.048107
178.706848 171.968482
189.109554 192.021316
233.328227 190.653937
129.685571 137.093831
119.270749 139.374363
179.277319 98.904184
151.338709 135.778661
165.464740 166.880784
116.238014 164.587792
180.213380 131.243555
157.822041 158.502461
119.918137 174.398222
195.747982 122.417344
114.624346 164.722793
114.838382 135.809075
174.879207 153.187675
215.290461 172.688008
104.787721 189.341200
186.817256 78.566264
188.742487 180.873394
124.992732 167.164304
192.659702 136.134284
160.763680 143.947021
198.476604 180.210246
158.283551 95.952172
177.655999 135.297956
186.855808 161.398239
168.004030 108.917780
121.780547 126.013792
188.289781 83.287561
114.790811 163.068833
95.986298 168.576688
171.300757 102.641879
182.340894 177.688826
92.404675 163.530863
205.825097 196.699764
243.408377 178.222387
170.579864 131.278061
210.836903 191.313019
167.623678 157.244366
196.761508 185.805846
200.191332 173.589858
182.587336 96.217731
96.779853 147.797940
190.545423 174.370024
189.309491 126.380247
111.716944 163.991221
169.149539 155.653060
163.243090 163.502053
204.089681 194.410380
107.157836 135.897427
94.733158 149.216315
108.525087 131.604935
233.577227 191.373149
211.597874 169.930921
191.285469 65.972033
150.941620 163.828290
162.083431 174.526471
205.494648 181.582329
163.277847 185.119599
185.051102 198.796217
112.269055 134.542006
149.092405 179.846517
104.627824 131.264013
135.480741 156.454232
126.248827 172.420175
219.236022 199.626198
168.178437 116.408108
138.555247 94.481681
183.157373 187.082236
145.182162 169.513518
164.111769 199.385393
110.959292 156.289124
187.504995 183.999670
209.568652 95.184325
174.284571 214.927678
170.208901 76.984745
185.689702 176.100219
183.154036 119.722533
140.053116 137.840419
95.492078 137.486049
163.085782 202.057471
198.458957 162.815237
178.201001 112.241525
148.842106 112.885057
254.178971 191.170860
236.884291 193.310488
162.220448 179.591737
108.565820 148.039952
127.171270 133.410681
191.604599 80.420485
153.358773 141.856450
171.544760 74.748332
183.913306 134.935444
196.708436 179.591923
199.433446 87.959572
234.144865 188.958829
136.921188 121.566260
189.466226 94.994862
214.680982 177.582491
154.769851 175.886469
219.026514 168.618942
212.089996 180.017672
175.735345 108.749252
159.737030 183.005701
195.953511 179.359237
172.118332 135.084714
165.148645 130.462439
117.784308 125.278935
112.479669 136.538458
177.989142 148.754968
144.666079 151.737856
123.546960 131.704846
181.115480 159.649059
159.873567 174.193563
146.370407 164.896587
89.819200 171.039732
194.920203 128.778000
212.130929 171.834275
220.146160 191.660566
195.159476 174.010398
180.498190 180.177364
139.393528 166.118920
161.853507 162.499359
174.081238 135.295344
182.579775 195.528217
211.085138 116.380800
191.289660 123.596624
104.906626 146.742140
204.942717 184.311986
176.410316 77.308702
185.827749 97.519613
177.133652 99.100342
97.292517 156.545746
194.021794 175.223289
123.810110 126.090063
176.608992 128.398612
164.321171 127.209569
208.274682 181.636384
96.437052 165.122898
212.712713 123.142383
198.190311 102.463796
170.983014 103.304584
142.306036 127.175323
160.357997 145.896761
176.742001 196.806670
204.544256 155.061645
201.993678 176.028450
98.869909 143.389968
169.686667 125.880354
173.825268 104.867849
101.161417 146.862546
91.218458 153.761856
152.835065 192.474986
168.926691 112.371358
142.631624 169.544021
178.785454 125.552420
180.833678 121.696281
193.154306 140.455524
202.280486 147.557518
193.382747 135.210752
144.822879 169.554468
170.827061 111.706748
148.075106 142.588804
136.748006 137.743983
203.338099 177.475038
202.333188 166.257243
98.260786 157.735548
166.242275 128.795152
158.850359 184.105417
192.599982 157.077376
187.168680 166.764362
208.133580 198.248970
123.522249 118.139779
152.793452 176.992290
138.502557 189.062717
204.542344 188.447462
144.326257 196.896033
129.121153 141.185970
158.663916 174.048835
169.677964 128.513111
196.857933 183.562364
151.463064 137.276500
190.324527 148.152198
173.858516 131.611825
212.184798 188.037863
104.769712 152.792092
209.123225 197.940051
166.968046 80.231126
180.269388 111.908185
181.760315 126.061733
92.578982 157.365708
202.026282 190.011404
101.149097 154.013342
196.660706 170.864017
94.121325 159.208205
146.560768 143.391140
99.749906 152.220132
152.212218 181.943302
110.576307 143.733751
199.515982 105.492421
202.051719 112.838490
190.570303 170.745001
122.760851 145.264072
157.188245 126.471618
208.867775 177.043919
189.870852 169.219723
146.559743 179.323882
162.221403 203.940992
167.792456 71.512856
230.829148 185.374883
169.719137 193.446195
92.891423 171.262261
186.016970 146.834606
230.190253 188.011821
214.834259 171.267622
95.502840 158.832443
127.014939 139.624568
101.451737 143.867228
133.170326 141.617108
191.580910 146.515414
166.143734 113.934644
190.348400 100.763575
183.029662 160.594778
168.829821 168.887043
191.003811 126.717355
101.889801 147.286893
190.149977 161.447512
201.776639 164.905796
143.603190 148.526852
198.120900 173.063725
219.902157 187.385429
195.001372 100.479734
205.843331 166.223444
184.965283 101.926664
112.005836 138.701743
223.708871 210.233442
188.794834 149.190334
204.884622 175.053168
183.016158 94.947322
95.957567 166.426794
229.831093 146.064799
150.550545 177.941140
197.135241 179.703642
171.656351 129.586067
144.489927 145.691043
197.834711 142.030724
189.714376 157.376482
100.466456 151.214203
241.417656 207.675560
188.109528 175.895762
140.397364 165.796705
192.778085 170.595958
199.829574 202.922433
132.120921 166.658102
220.040962 183.382955
128.174796 180.088833
185.366088 124.799424
179.440786 77.182811
188.520069 173.721235
202.296295 195.882377
180.740233 91.780842
245.560247 193.859085
200.625181 177.166173
176.953481 115.621975
138.789274 143.688885
91.599961 156.715866
190.516599 110.989483
146.453173 172.298545
169.030937 119.614737
153.269226 160.903001
174.020082 122.098121
145.002218 201.104131
252.379967 206.145914
206.278999 175.811258
184.536034 110.930663
207.840307 118.615545
205.503275 160.499593
212.205862 171.145912
179.036195 179.388925
229.664741 210.571144
194.653221 175.716765
189.620593 111.597104
160.541820 186.051108
101.472155 135.751852
183.924560 103.266788
103.296273 156.718651
146.319809 151.737958
165.706353 128.744269
149.547084 143.557045
193.617468 111.961668
156.727768 186.748126
171.687642 109.560324
209.162150 124.935255
117.917642 172.067531
152.574429 161.326888
106.752318 146.083250
196.398774 116.690289
179.785440 110.345533
151.196807 189.411111
129.355882 166.519585
178.609433 79.376707
170.406277 172.795699
184.293835 109.089177
207.720238 150.149339
168.593968 124.157654
223.650499 178.784311
196.664377 125.146027
218.060640 131.196829
204.602957 164.873923
189.810707 177.183533
129.009026 145.494162
187.846826 92.037900
212.580222 154.677323
145.168171 142.907781
141.807150 101.896008
145.186562 185.136591
152.750580 161.077999
164.469518 114.957508
234.704625 194.498207
139.407790 127.750242
177.566855 108.073715
173.579249 140.871213
221.097571 182.646153
147.473725 110.260269
121.570834 130.667034
140.088845 141.321108
157.319157 143.380249
97.659786 158.504715
134.024015 123.638820
176.993220 176.423649
83.860905 152.183979
113.722943 119.474517
183.687959 129.595406
154.481803 84.535480
152.809299 166.407882
195.713643 107.473265
124.213401 148.851949
101.539346 139.302344
217.814645 196.908535
238.297481 190.045796
135.697078 120.835114
123.310509 167.843940
206.235967 137.734725
230.068155 173.370032
152.692338 123.764328
158.471106 177.659772
176.152272 185.628286
179.503276 134.089756
129.706917 140.160031
137.499157 171.700365
211.433471 181.306298
123.824378 193.824314
89.570725 152.228931
141.531941 165.781600
97.547363 140.959580
162.934390 195.316124
104.972560 149.204974
227.663900 178.295823
138.409640 162.616323
221.485510 169.312873
199.240022 139.787124
175.364579 156.530285
193.501908 192.589352
209.465500 182.118299
92.191123 157.223207
190.596639 109.210113
219.639923 204.952783
187.493425 163.439296
178.660547 142.291636
202.703909 124.375939
108.362031 133.744264
150.401770 170.725123
110.871982 138.914163
78.169612 173.055625
113.536084 134.551968
174.900224 125.034108
158.829415 186.161862
72.825680 172.025195
130.089635 129.923605
214.883795 178.890276
185.452304 125.604953
108.025793 141.543551
177.287842 141.718706
176.019695 171.203568
200.076724 122.470048
196.047031 174.696945
142.693937 107.030971
157.464570 157.963646
152.889235 151.727408
213.850974 178.223914
217.589467 192.813275
89.558473 153.203017
226.270778 188.619307
205.631068 179.151780
168.057767 142.599521
163.111952 148.169212
130.694342 130.702214
170.456445 140.173246
181.773756 100.359433
211.171056 175.241386
154.259252 133.284855
197.483967 57.823635
191.870951 170.590180
202.003656 145.054543
179.157746 135.446382
179.080754 105.534544
178.878550 87.046466
125.164211 83.531491
198.492762 176.753383
142.199867 193.566530
140.656760 139.374935
173.515173 192.299637
142.172559 181.434356
152.008364 150.190953
133.804003 132.624589
137.059204 137.299877
190.848378 155.291524
154.914373 129.365730
174.229917 134.568759
178.442576 79.163004
135.839905 164.313814
129.323925 149.811658
190.060695 181.110186
144.626160 136.497942
144.385136 195.361434
201.909828 195.239841
194.157273 112.202476
81.174225 167.460968
92.841962 155.496666
177.235568 114.030781
217.454279 177.098477
98.449631 148.153378
136.517139 174.848061
176.626665 126.567640
91.477041 167.808972
114.420124 176.258492
203.662283 175.932215
190.150190 166.338816
203.125518 184.551129
216.869941 177.716345
187.590555 173.751084
131.673873 165.551380
178.876992 120.948951
89.669793 172.876780
214.339174 176.379615
136.567891 116.175844
160.518306 99.311585
140.718001 174.834512
97.122173 159.922303
180.709887 101.967353
176.363126 97.100926
139.237350 145.624780
214.405711 187.898786
142.721222 172.472137
189.211254 172.801103
170.733538 193.803966
136.922622 118.851051
178.764929 124.622048
182.839076 76.537223
150.612118 162.010749
154.255268 160.867536
132.785494 140.558541
84.992708 157.151147
138.597117 150.862698
231.417931 204.761578
112.520972 138.794762
132.870395 148.792773
155.895908 115.399136
174.040736 104.565989
125.012976 127.469646
145.584264 114.648866
190.402494 165.149869
147.198690 126.961884
203.413281 170.732493
175.808257 115.211078
103.008915 157.889051
132.005942 186.206548
199.375891 187.840248
200.117902 163.630086
207.471691 196.131499
165.794639 108.097451
208.295655 185.027838
146.162164 148.964908
154.756894 184.998628
189.894945 177.551671
129.198623 161.383734
169.913719 94.243192
175.720794 110.464783
194.436233 93.597627
163.366386 181.696270
120.904320 157.834666
177.813809 192.627085
205.306066 179.256515
217.838538 168.961166
138.641226 197.960941
167.839886 118.136550
174.694500 95.074400
148.753520 167.414740
213.247236 179.996804
212.656909 204.552798
101.271375 147.005028
139.807876 154.642287
170.677954 134.871301
161.819044 122.054802
188.441742 170.826502
204.414649 181.498478
155.187754 137.463414
137.809607 163.752633
200.778863 129.105416
202.995730 170.253113
142.159859 147.919103
101.117558 145.902443
193.081396 191.447416
212.129073 185.395739
139.095918 156.551727
208.456210 185.871339
131.226720 113.174662
137.950525 149.730621
133.885058 156.522978
243.139297 197.447059
117.718202 160.194389
164.234671 150.134343
101.219353 144.482807
139.954177 123.742583
198.279591 68.713973
176.029716 136.542876
232.751508 199.834924
143.019565 152.138705
142.551258 141.301483
112.475376 122.121033
208.983275 130.269647
84.936214 168.915489
187.390892 136.064623
168.568535 95.456178
145.515339 141.136493
168.364612 145.127364
138.545795 159.754498
174.873150 121.622727
154.321109 194.389745
92.509604 149.208006
206.269356 194.959222
162.146824 149.258552
143.663946 178.467898
199.072452 178.693570
103.887161 155.307903
158.854118 204.517866
119.791273 157.004961
149.839865 151.385037
192.010967 171.822094
118.077741 140.378450
181.824342 150.010253
101.384634 153.627900
105.760714 147.837132
203.140692 210.789404
171.985585 142.122542
171.557179 128.088734
221.324216 101.334526
172.232368 114.322950
190.962370 92.233488
151.702792 156.406127
156.328734 210.114600
139.064334 197.564480
180.432250 187.166609
178.860891 184.178132
163.293738 128.399872
183.332980 109.679537
158.023509 159.774987
133.790036 204.822325
105.777006 126.618179
188.521037 84.060124
190.436194 184.790574
197.361265 97.541947
150.568167 170.813006
185.690134 176.845421
198.678406 131.953133
140.386754 156.725975
95.438696 155.713792
101.220290 143.954529
166.358611 108.126392
175.731599 91.906009
164.364775 120.082898
200.041627 169.583066
98.367145 145.431263
110.776706 140.412877
118.464086 198.677872
140.739015 125.660682
133.014019 150.889760
119.954137 165.363921
149.310137 188.769858
217.801053 177.549789
156.281494 162.405221
189.531182 118.094351
188.705628 177.600795
192.973419 177.395649
182.350044 147.207620
129.171303 148.614127
206.583289 107.525840
92.837126 159.985936
157.037456 126.107550
210.930012 176.063798
132.553857 148.873325
189.854353 164.405208
94.206388 155.715539
194.176496 79.104895
154.832602 192.416906
192.678680 166.679586
200.409028 193.131242
177.373739 117.253907
220.835071 182.793420
164.032434 116.691065
152.613160 88.022917
129.516940 152.556317
126.823367 152.534820
74.734748 162.344339
164.210615 129.108561
184.412690 188.439420
121.635342 152.634698
168.481446 159.582569
157.635903 172.700661
153.986932 124.358293
202.259275 178.002925
182.504020 181.083116
210.263791 195.038635
219.115213 173.747468
166.913418 55.296635
148.845358 194.722058
197.687769 181.810772
156.117399 157.100467
207.006647 180.249841
113.091410 91.891245
207.362649 204.510251
179.262295 188.018274
193.404104 175.071482
185.027291 150.832350
98.224563 134.332405
101.409434 149.978924
144.975303 161.305846
178.329301 198.057294
163.984868 161.304725
204.245840 195.359686
180.782079 178.960709
147.476858 169.346960
94.940242 165.429552
156.109401 101.315022
164.295469 111.517036
198.859068 193.933601
177.809177 130.078303
178.805660 109.328691
193.796578 55.587820
136.095956 147.559333
206.664326 184.290755
101.983402 154.283604
132.188793 180.855963
195.967843 138.094478
179.273823 126.955234
180.758969 122.107464
186.752125 164.089782
188.383606 160.520067
181.684212 92.892450
148.032801 199.155304
189.458921 183.548346
187.660534 128.198732
182.770532 115.613058
182.757891 127.901244
179.683228 99.669604
166.047374 158.795982
193.369609 175.462045
147.419746 191.693905
185.837855 167.962837
137.625185 143.914543
180.884124 107.118883
139.284739 175.656195
205.083115 196.771087
196.140701 173.529793
218.053599 194.922586
148.999390 163.641165
165.997106 119.499618
126.743623 182.746542
194.032323 193.089732
139.818998 195.442879
241.703148 166.535226
134.963912 206.145417
192.010958 185.328033
135.331918 139.834660
187.271210 179.230209
97.201704 153.186284
154.516711 185.728025
98.621574 148.953540
219.096833 82.795214
125.852490 123.715478
143.064444 161.071808
88.398931 155.318172
168.954987 148.420940
183.411091 107.245241
196.843394 143.997230
128.989175 105.336048
160.539980 162.138619
194.714550 185.109169
178.266367 142.920359
229.623151 181.104951
116.362445 126.824288
155.945883 182.629684
170.617785 83.865442
188.525809 163.387972
126.040149 148.454570
211.465202 169.605961
190.360734 165.526159
157.080241 160.964524
86.913470 147.102448
171.854684 111.781516
157.136871 180.964727
136.760099 172.682758
178.920129 94.075374
170.695098 167.538452
215.016206 186.938055
165.547132 145.851844
134.876357 132.484258
90.295861 153.540984
205.942934 204.155515
185.442873 127.542142
108.074508 137.950325
172.572103 170.128633
113.153415 105.449100
136.282222 143.518243
211.044516 195.742285
175.094359 116.048600
196.165924 193.923212
176.092271 143.020517
163.412851 139.396384
169.695325 109.607923
167.398900 149.796475
146.595223 150.773875
172.823405 112.380965
194.708042 180.874021
86.409321 168.764721
184.022390 110.282336
197.450420 169.919310
188.479404 162.009003
113.011707 174.285108
219.152702 180.393946
162.065285 167.160214
177.985087 115.257931
96.148771 158.524822
175.303763 94.298943
148.277099 193.843469
146.981562 145.996181
153.971896 125.380559
182.341153 108.131304
143.792241 114.339568
152.238021 121.299890
161.311082 165.544352
170.151580 155.812594
179.774410 85.636605
234.081218 176.390053
182.820161 72.165946
184.847811 129.216392
178.548364 140.476930
208.306487 199.535913
192.011211 116.654515
127.578295 169.618513
145.257185 154.772997
117.743563 124.234272
185.946193 96.554348
162.390223 118.480347
182.086949 118.776958
133.382756 122.996477
184.070873 131.347553
134.627190 148.576928
195.341456 188.474699
188.651576 183.569256
111.706669 164.873602
184.551470 183.227456
204.175713 163.062108
142.588424 155.375104
146.812860 176.670619
164.719008 204.944049
200.453860 210.498968
142.248910 141.762782
189.782498 176.877572
154.936221 111.748627
118.833872 170.389622
126.201605 137.313384
211.311774 187.665031
194.543779 183.292079
163.087725 145.242792
168.802858 171.894536
108.804835 133.123276
188.209641 181.618349
161.657126 162.298278
143.054528 209.810909
194.954435 131.363266
235.141959 179.313672
146.010082 160.590085
176.010322 82.089898
107.053798 137.114384
185.988038 168.126784
201.526271 213.686126
97.573314 149.629988
192.233209 146.026591
177.390467 188.678847
218.046000 182.073296
146.652841 171.890135
219.024409 196.213766
184.691380 91.668043
111.646772 135.672289
97.021198 157.875530
194.897303 177.191115
168.830900 173.735602
233.160137 198.366843
136.285924 157.245998
176.249591 95.929188
136.829270 150.134555
214.300403 178.114922
225.424434 199.792506
165.595560 191.933850
146.682568 178.949030
172.276471 170.792803
124.479274 148.849105
111.675076 139.641442
94.936856 163.193183
113.318474 144.793198
189.170785 174.704714
105.580261 131.096105
137.139900 164.964553
195.212518 166.031996
181.979969 166.016355
115.796179 131.162731
155.035829 172.625305
177.814727 87.337062
150.863712 153.831384
183.156066 124.745690
99.297365 146.368202
175.217110 112.944794
181.014484 194.806889
147.025910 190.895173
178.232469 177.266193
202.159465 142.605013
203.562321 68.354406
183.312822 119.878427
218.010134 113.836457
155.695827 206.378830
210.510790 190.746898
123.035068 151.104940
104.147395 145.928694
143.044743 168.351848
169.182215 150.671218
161.870837 158.471257
182.944602 121.788177
182.266676 91.215565
193.161412 181.561663
152.257609 173.313805
206.024316 190.416760
186.446973 165.610738
187.691011 186.761491
165.270464 181.554136
152.957431 192.157475
163.522812 145.623388
173.389213 176.208095
119.423911 124.794612
197.452670 161.541044
216.477852 173.561100
181.301101 110.994616
188.886083 167.590931
131.180957 162.184135
223.608906 170.704749
98.206961 156.140742
153.521127 149.933695
175.530701 137.175730
209.421234 173.211715
228.368012 197.132811
153.572896 157.918442
181.300306 126.961397
169.815315 123.843852
211.734847 181.077302
102.931352 139.426500
145.793075 155.001264
208.464924 169.226923
225.354788 177.313752
126.460200 118.759015
161.573819 181.512810
136.260958 166.357345
172.479562 142.370824
163.406717 159.983006
145.593610 182.204754
195.264601 118.683973
84.189178 165.036888
176.970479 112.683014
202.025628 163.480382
87.916611 141.797955
124.854458 105.900986
123.917358 124.978131
165.328011 128.591654
202.589388 172.061862
179.682671 116.085288
168.518189 115.129602
79.756383 170.112083
170.252425 118.314503
199.491984 190.670172
132.868729 147.695403
167.583972 113.300541
138.738691 173.629726
123.052189 109.028915
125.247682 130.427409
166.434108 155.154675
188.396370 98.188707
189.236360 83.185850
124.021274 118.406933
208.298122 194.876406
93.871120 150.061435
107.231038 151.369060
163.435057 137.163672
167.030076 102.206396
181.303055 129.384980
173.238829 100.135021
152.803415 162.962727
184.557034 186.388351
218.075583 186.873044
177.942672 176.498543
120.437612 176.206718
217.850920 184.384358
109.606332 141.352693
177.613128 170.047487
165.773251 100.153388
129.674318 165.275157
101.336018 132.628000
97.582143 148.476518
187.179512 200.475086
109.125589 136.012928
220.422064 183.479731
158.118257 179.811012
177.336050 160.997973
164.536279 65.253030
83.945838 164.916686
141.118553 165.493254
128.522990 151.765705
133.256612 148.881258
179.477266 96.674236
233.066477 187.248764
191.804550 116.054346
167.499884 138.173318
146.346777 144.891686
178.062531 97.434457
103.546343 151.325816
142.950813 172.468767
126.730466 159.801951
114.508765 170.813702
191.492708 189.906833
90.558960 159.995408
163.853870 101.110780
173.645079 158.185249
100.625117 149.460179
196.250537 122.591017
176.358468 112.027543
184.989263 102.146783
183.270363 102.521211
143.598815 152.438879
137.950291 110.484242
194.500804 147.520905
208.942396 188.125997
229.101709 183.346462
204.890838 134.750590
161.247446 106.057950
161.893589 89.115177
137.671525 125.049107
202.403585 189.951309
195.200171 202.541875
219.768238 195.468805
176.852266 146.921728
128.365210 188.988060
173.742118 114.292491
161.362647 146.296092
134.851419 136.195642
220.028394 199.986575
220.258075 177.783659
106.077588 147.367688
161.787948 149.077732
190.396469 142.070785
145.451559 182.108207
173.723892 92.449269
158.506038 159.599293
182.663689 100.495439
155.183141 168.800601
204.204215 180.859889
212.359258 177.374770
183.669505 176.910800
120.973852 138.125449
104.781452 143.074272
156.472229 109.369011
181.063620 160.237612
152.780601 151.893424
109.096249 137.932952
209.229970 186.733278
138.535714 128.943306
130.369113 152.155637
93.901758 153.975444
222.187571 188.126269
176.484047 119.795043
155.839864 134.512115
118.775001 133.504369
131.271520 164.112352
186.646160 120.613930
240.783904 198.255372
186.346510 110.164934
170.227774 101.815983
130.123264 117.020265
175.030303 113.644809
171.878344 150.492113
147.402842 160.939349
177.005816 133.701406
174.373159 124.688780
183.821825 96.775649
122.636261 119.933397
209.669956 146.063408
100.817564 148.898864
218.538658 179.524787
136.864934 151.433616
161.493404 119.989079
189.965783 57.739577
143.904145 138.407143
128.285476 140.136321
90.463382 150.233918
152.879929 141.743492
89.412892 154.780974
183.090310 164.162964
141.814594 141.004434
178.925949 119.298835
173.718983 119.809235
155.598008 166.544852
152.289928 151.798545
177.302964 176.816591
144.165507 168.638827
152.049822 160.494109
197.269522 185.992379
146.475160 152.409078
84.844162 171.345886
152.361471 116.246704
217.316565 184.162453
215.086399 194.405853
152.407286 157.573058
105.564082 138.195678
194.839212 104.742438
128.168521 166.465256
96.931743 151.384747
197.704201 168.978184
242.513870 200.862171
200.918696 173.514615
131.834346 172.206562
172.577789 143.714473
169.658730 164.213003
147.439334 123.357476
185.120382 153.144036
104.700425 134.976892
106.271505 141.523538
100.539460 157.718259
221.473745 173.858692
203.775402 103.045692
190.454174 102.713025
206.172971 194.444944
172.166620 123.533218
253.113034 204.060076
149.662509 128.114705
223.863997 206.300423
216.834410 187.486812
187.652763 137.134721
210.519938 132.275905
186.611001 162.693798
159.575348 162.683181
152.655870 134.661887
116.318942 150.663286
221.256157 177.382199
124.873546 176.406796
190.486680 178.348032
199.063851 107.400687
137.923490 175.571923
186.454972 106.594866
178.978435 172.626692
193.117064 138.545551
210.053265 196.669910
123.766722 133.262741
87.559706 157.622079
142.627320 162.487712
152.104678 161.631946
186.102479 164.552541
211.644902 110.691612
218.319877 199.237137
174.069708 80.448711
249.673596 213.109017
144.869210 196.855027
172.569361 129.461552
166.288775 114.451405
142.883101 134.581201
197.188868 188.635092
187.188076 174.950480
144.355655 149.627030
124.860432 143.710331
184.072492 133.842589
175.950918 183.078924
159.044356 155.619511
201.493552 193.888108
147.893371 209.126757
148.081228 135.774605
148.096740 168.473728
127.030494 168.730279
195.002790 115.407266
105.282779 162.582158
126.430050 124.485049
240.428975 196.432962
99.549027 153.828776
120.105367 171.723491
104.772424 137.409262
183.645473 148.864729
229.823364 190.120560
200.565231 181.167790
122.867778 157.057244
180.400019 147.012490
176.603102 170.338450
207.392846 195.071992
203.359383 114.174154
201.196627 174.935212
183.491073 74.383469
140.084205 198.090161
130.910213 159.572603
175.278563 162.133047
88.332178 168.994330
155.677507 119.176737
191.627473 110.451774
187.188375 150.919427
173.930185 129.543793
167.489819 126.863884
138.014268 140.830914
168.072718 132.517921
104.219522 149.246798
185.532141 98.111622
231.245464 183.684120
188.289792 161.220145
111.453584 171.065222
174.353316 110.619885
129.039306 147.414657
190.541460 177.172341
178.923824 143.542435
98.758344 146.778130
176.625561 146.383194
107.472407 144.135829
190.725197 89.163011
207.051665 195.234833
178.556858 151.839045
228.533728 172.911979
158.051936 109.375824
198.019394 111.058314
206.640288 194.674242
187.759586 169.514808
176.490733 149.346407
99.758690 146.410871
116.275392 133.483299
204.962272 188.442757
158.990189 156.420881
125.604103 148.776003
74.854957 180.587490
151.047023 192.691851
171.920631 155.243894
178.407334 133.221144
215.917721 168.372089
147.027592 168.542216
199.977762 162.436178
198.480656 192.797611
91.073609 150.829069
134.335672 174.154029
188.154280 178.264115
169.655220 88.954753
178.547186 125.011076
155.232677 170.874611
195.789442 127.118746
139.702443 169.803793
233.334756 190.745936
209.563857 192.863389
213.536450 189.085023
186.718978 158.401960
189.916335 96.975087
176.570819 104.245373
133.712622 170.725888
148.668786 169.770129
180.907469 180.759756
99.983189 141.874651
142.505210 153.402614
113.791390 137.815976
228.256338 195.375936
187.959901 152.089454
192.723468 157.291643
210.595836 177.807650
171.076863 116.122945
123.677971 142.901874
176.366898 83.831259
167.459444 107.495994
179.312114 139.750392
195.249157 174.659690
184.814810 79.658073
144.005872 152.672831
125.457660 160.822534
201.174535 175.807287
98.953673 166.542822
189.832392 183.019723
114.079139 136.369511
172.944001 127.975975
188.325081 113.221217
100.473170 144.271158
186.781523 169.249544
176.289218 123.708981
190.003239 173.737771
93.908173 149.469622
163.952135 96.856715
91.648909 157.025121
206.163119 178.983811
154.196290 129.455418
189.773404 161.243415
139.173160 195.034163
184.943361 120.032179
103.582092 150.457523
198.959906 165.075245
201.984237 118.508906
170.053188 127.711378
197.841400 170.158556
189.390920 144.299648
164.602519 194.628016
147.820886 155.182680
140.028728 119.488002
217.514670 171.916891
174.856629 171.012202
101.095485 153.930086
150.124634 160.483077
182.666647 109.184649
151.172043 166.253094
109.191096 130.609281
151.074681 170.283916
192.387132 182.358967
206.188420 192.985726
203.369530 196.801510
93.476732 165.342425
115.862592 134.265250
146.941882 142.312584
221.621650 195.255540
185.729640 185.548874
86.689250 160.431072
222.493791 171.113509
200.539333 118.922380
199.131382 84.876781
111.510520 112.169744
158.700807 138.703072
150.380371 173.940894
126.596113 163.443544
168.435784 182.368231
134.669868 161.607218
143.407012 150.135206
179.952176 175.580862
167.758025 180.753520
143.215580 158.324324
144.442637 147.726589
196.679409 177.169866
96.457370 144.204365
184.079196 177.665617
119.601771 133.462282
176.518642 98.806473
136.331054 113.501059
181.953186 120.136668
94.820338 169.066686
184.727406 146.720079
108.574244 133.869707
207.932946 180.394847
176.078975 118.706884
181.952689 127.274321
112.688050 167.053349
179.333769 176.867722
174.263936 109.451745
174.331884 143.359380
182.655624 121.774621
182.430732 131.488591
214.585933 166.550833
110.077154 150.477991
159.149656 144.848389
128.656261 192.751338
172.912076 121.220127
166.276412 137.526820
168.888946 158.013775
172.592311 180.772836
212.213122 184.946875
177.210400 92.154257
110.463175 137.215755
134.235784 185.780673
186.426712 188.067086
175.693058 159.471574
201.754825 174.209803
92.590207 151.401649
195.992691 165.458529
188.792302 128.707984
206.664443 184.540015
105.741724 138.680919
168.071325 158.957012
185.358565 126.939998
95.733737 153.354249
187.801420 174.299871
152.713633 138.054021
217.753105 192.226588
192.989481 181.307998
202.439722 119.769420
186.688622 104.800301
200.426538 174.782632
101.916925 143.468462
146.204308 150.701340
209.707811 118.826364
207.544201 179.727096
89.531733 157.067139
173.801877 101.757972
166.847320 145.210895
172.025233 119.845523
206.488683 179.367879
129.482160 170.988967
117.153373 124.952878
146.016878 152.607038
185.445038 146.460251
199.887382 170.698634
203.003633 124.925996
204.192400 165.268944
221.773585 184.799894
125.979076 180.894776
231.572977 171.758039
183.280639 112.544246
154.635735 132.456559
133.750416 181.942490
122.762394 175.100792
146.097266 209.165277
187.475896 174.929951
204.587324 147.644439
131.474020 174.554106
182.525728 116.853999
196.006263 92.449336
172.530264 183.643660
168.762841 164.753641
249.505667 193.248259
197.835895 126.406847
208.920268 167.557862
163.777873 101.323501
173.910230 106.854204
111.864322 144.322907
119.920193 153.508446
156.220714 195.815479
152.739495 152.227904
102.300632 141.313757
153.631135 183.161627
180.828167 133.533156
190.263370 164.686823
196.258435 161.709771
147.337308 148.550315
84.473317 167.739971
184.109051 115.499845
237.272840 191.376579
119.532403 171.579291
93.741260 154.562412
193.012868 86.139178
202.727207 180.638469
135.901388 198.035384
162.598016 117.221777
151.790939 159.814290
163.534288 153.973625
191.868191 154.840981
169.189716 126.048587
200.066722 176.908858
137.488218 89.015433
107.386503 163.591805
212.144601 202.129399
162.442107 129.292464
87.908824 159.536090
158.648395 124.154341
199.609029 179.045659
197.982500 213.215948
160.504782 101.277755
156.192506 178.332037
103.677024 130.940447
179.087194 173.314716
209.858435 184.076744
176.158964 88.299084
214.870614 172.715319
198.320888 102.349334
229.546151 192.473665
159.805492 95.689050
85.754514 172.510591
155.420249 164.595667
95.515250 142.859944
109.101538 142.496886
102.541680 132.902672
165.429589 166.569781
209.377124 180.499435
157.120717 138.507795
151.734278 158.533079
84.355582 162.926264
177.320032 166.832504
166.107791 105.937900
178.064502 148.338321
186.311368 175.992177
178.307600 131.385006
141.634312 158.281455
148.758851 178.931816
185.875624 98.773751
191.783197 123.966323
229.245485 185.966860
178.934141 173.205088
137.406726 183.091193
102.291691 146.171103
99.517887 137.818732
113.297419 126.593395
127.036120 132.247222
163.743670 89.645794
139.465651 133.751764
190.152867 175.204372
207.860981 201.778846
208.458881 190.055135
201.215398 175.673062
145.035358 120.639797
142.094920 187.359235
94.297197 148.313702
155.065380 182.736416
131.537615 165.196021
164.927570 95.750833
148.550155 125.290976
172.928213 101.429845
207.023834 178.294435
189.041069 101.595051
145.693437 168.066463
180.366761 77.328453
201.601771 154.066913
93.903193 155.082465
210.195822 133.666262
142.304551 189.252176
164.112682 112.426130
94.870218 156.739090
158.474999 176.181595
191.084358 175.233698
148.628843 148.791759
220.777720 194.337395
151.988392 127.878344
228.890591 170.530719
132.091400 167.041229
137.904654 159.269347
158.944619 159.599931
166.006692 129.026641
197.683073 178.326063
187.244403 131.405350
211.724373 183.174255
114.579449 154.142190
194.401011 128.087789
169.515700 100.002918
137.941519 148.814262
186.097007 134.767116
100.543209 158.959496
192.561328 179.686659
176.353895 174.926416
85.080832 168.591292
172.792879 162.371184
219.568126 164.128078
113.180219 129.448666
93.110300 151.825691
131.398140 157.103770
141.011752 163.844620
140.769641 155.425842
191.441594 172.339655
147.342821 124.399644
106.458330 141.791742
157.491457 108.496135
159.686019 89.946959
183.880183 75.087000
108.093836 147.861625
182.690944 164.272963
176.970245 127.851589
85.325495 165.478116
94.707689 166.819987
205.871691 179.893794
134.115284 112.013755
152.927630 179.236327
141.154383 140.795795
201.996960 95.875514
104.833043 161.313046
185.385012 146.020431
152.590523 145.100637
168.098148 198.066342
240.369801 184.605934
96.079341 156.092578
149.429842 164.314097
81.283603 168.205328
130.653053 123.922609
217.810803 175.858706
174.002222 91.176577
122.046996 165.040087
199.047873 195.404736
218.083310 172.146218
140.262892 157.956785
154.910200 140.288541
163.891762 143.317190
244.860071 176.218727
135.336875 181.969094
141.862299 142.130479
174.152777 165.035288
168.095576 107.176366
90.872305 156.478738
199.063979 101.012887
179.883001 193.852160
226.644444 174.831989
131.044273 173.971756
198.843168 148.688292
138.815335 199.387125
176.666842 77.023590
122.478582 133.961087
191.453567 197.342730
137.865451 184.600899
83.276933 178.807626
229.862643 175.748045
162.402606 191.684726
175.908277 104.495093
118.408648 158.570223
172.219691 103.442268
227.912736 204.546875
98.343197 149.594012
155.716488 118.913135
154.283077 133.596087
170.847999 170.028731
191.008930 173.438221
175.583749 128.564250
115.480104 105.239534
162.630734 192.035844
169.302725 96.780392
187.331467 76.737696
187.570072 132.008859
196.763700 168.003820
168.930273 124.525275
193.652131 181.002669
173.580290 185.473474
95.654559 161.063423
185.739449 115.069057
198.375594 182.251925
170.884302 109.819176
199.052808 190.065470
124.810140 130.673504
94.860610 145.367166
185.925442 186.027890
167.949132 138.686535
145.889349 158.142388
156.723585 173.368870
161.096840 123.015821
170.925131 145.155471
83.677975 175.748842
129.076028 133.950396
189.411565 79.752590
227.474309 184.584992
184.231535 181.880359
192.975880 106.195102
140.417730 126.161462
131.219520 172.117916
200.615534 164.884038
178.268446 84.529560
130.763555 175.280110
174.925198 178.231107
214.902691 195.574833
204.938121 139.050040
193.724460 193.021596
199.494681 170.387999
206.666676 187.850137
161.632682 168.158829
88.622886 167.024079
138.847209 137.590561
172.936391 136.865061
197.521473 179.773649
189.888783 96.599128
219.366038 177.781527
174.776767 174.696109
109.635210 148.167109
183.445346 145.913784
91.395850 167.162854
145.669022 173.066207
191.077329 179.854508
145.308433 166.666972
153.657632 210.425254
214.013249 191.003661
186.981195 173.815545
198.619873 77.652030
132.780579 136.849683
93.336834 153.224499
182.287458 177.669647
200.805157 83.399397
187.547085 118.638241
230.780097 173.975141
98.538233 154.673218
192.502036 138.734425
147.135069 172.467921
180.625363 166.309555
162.002970 79.940737
210.421411 124.409006
160.273064 106.290729
143.881097 142.771707
128.688831 154.899722
184.163417 200.467493
122.573552 112.722711
198.988970 181.912744
184.731307 173.749223
159.147674 138.020853
146.935100 169.651043
83.855663 162.896573
185.549725 129.962541
181.462571 172.580041
196.016897 116.362449
210.328491 187.583784
169.621117 172.562622
181.366343 185.105232
209.333469 159.087075
178.474718 102.592797
169.081662 80.022378
206.315706 178.237809
203.329793 99.384134
121.007348 130.664992
159.429920 133.805461
197.158717 99.695557
125.776285 170.298467
125.449169 136.645362
201.357046 92.955372
172.946407 125.153787
193.683874 126.426676
229.905963 185.026453
164.331481 112.561892
175.142172 97.876632
224.107686 180.194262
177.590715 70.905198
199.350706 141.594564
139.604297 157.460877
133.405886 196.748584
160.290550 180.993353
186.295122 170.440073
144.331165 143.038330
177.944873 117.008194
107.835711 142.739137
176.802883 142.923294
165.061969 121.324793
132.870925 226.953943
165.949619 104.891937
171.005958 81.924446
175.126961 192.261141
175.089469 181.072749
83.343684 169.638462
177.669259 197.700237
103.408325 146.577763
147.430184 155.202935
124.893710 187.363792
108.046537 142.445182
92.824800 160.851567
230.653531 204.285066
188.596483 109.787324
238.381046 182.927808
145.815303 206.431983
106.205475 142.244188
244.384601 197.926860
185.745445 108.261258
143.998053 121.181197
140.284768 142.745643
229.365453 181.614749
184.428592 153.249653
194.921682 181.007896
210.152110 115.768511
184.027262 147.566988
94.687945 166.993815
184.199820 153.791065
177.115802 94.716767
178.021587 121.185686
198.794461 164.786485
202.220308 178.582201
180.512727 172.479607
140.399639 159.814734
193.866027 165.258749
166.942632 100.197668
207.676503 182.641984
114.502006 129.381720
89.501227 143.583532
92.578219 160.275488
138.060066 151.714765
188.502479 185.286355
142.433004 173.722684
172.613180 114.172835
250.707554 214.865788
200.203976 169.310656
198.016097 122.382509
178.185159 126.503361
166.356553 164.588109
155.134452 187.137513
183.836776 120.166591
242.744526 181.471173
221.836029 177.034552
186.420514 178.290805
144.245056 142.409422
188.664150 200.834481
114.796223 138.828535
93.412251 152.642606
137.333057 176.054982
165.516497 180.325543
190.645266 110.645795
183.099352 172.678743
215.185985 112.565340
186.030148 147.047553
136.538760 156.931464
86.209687 165.953808
199.176981 127.733900
110.926084 135.539914
155.979794 198.848520
135.098336 157.233375
201.250520 150.910666
193.460871 83.754536
170.299931 154.704797
209.203296 183.625160
215.099694 182.106059
188.028076 153.905627
178.819507 171.285903
113.129888 134.182245
135.536174 168.060820
142.023835 184.311728
150.447194 171.295183
118.894394 130.188403
136.843744 180.594508
171.827328 108.495098
185.502202 84.467594
182.888245 126.748809
145.777965 147.490669
124.027004 172.289257
224.780290 189.979651
96.615742 159.062241
139.009687 149.164528
222.355618 165.030009
182.003446 98.581625
135.936733 194.751409
212.418745 165.612236
123.088516 172.163176
213.687085 188.095162
146.552391 148.534533
154.087754 171.849731
161.901795 112.938229
116.664035 138.858213
185.803393 87.315629
160.039163 189.578028
218.218813 184.832468
185.606918 95.257829
146.365632 175.414007
158.917593 178.651845
147.100697 150.874901
173.596808 113.172243
84.746756 169.317466
165.696087 103.259138
96.534303 146.958117
182.012208 181.614175
165.147068 124.699371
144.219306 166.035761
127.600670 163.315442
129.213155 189.006677
175.868888 105.879344
232.191377 204.889132
135.365219 172.515945
186.994549 145.469288
129.430631 178.560594
190.726598 177.485721
148.466764 141.689896
190.382304 186.124490
133.755288 174.018517
139.486041 185.722896
159.958220 154.857232
156.003466 173.668040
207.809519 177.033853
208.276830 172.185636
191.474731 171.059141
210.726077 180.434516
132.447422 143.020411
100.106677 145.825968
201.217193 96.741188
160.719627 156.042312
188.361894 127.081124
111.151083 135.701510
173.502509 180.039632
157.263972 186.014625
135.411901 170.251977
170.140442 140.512412
154.763556 137.398864
122.290802 116.059443
132.329744 164.366844
133.668466 155.888801
144.313745 168.499494
168.423803 117.571522
100.008543 150.444852
181.779571 157.098895
141.643833 151.925314
137.971631 114.896503
250.376289 198.036676
195.500830 199.831323
140.118621 132.396673
192.758121 177.636124
137.374469 181.486121
120.014182 148.628345
122.001836 137.306285
249.295132 195.189149
190.600892 106.748340
200.847959 188.736819
188.044095 97.108206
212.453372 170.965824
130.571643 148.657150
142.080920 129.604212
111.324460 145.154513
101.498701 148.892928
140.335102 175.266967
196.919733 190.227046
150.023746 142.609186
203.154714 174.757274
190.110659 106.514729
156.028977 132.050805
124.010042 155.031402
146.666744 155.577546
121.125711 129.017749
199.886732 82.879528
127.913640 176.841673
128.465398 106.090241
131.424755 135.371727
188.763193 106.312251
110.710266 176.638426
101.257086 142.196383
128.527570 113.738998
184.861236 166.712441
142.594146 145.597864
96.301408 152.112811
107.195850 146.358900
127.404090 138.134532
178.008316 104.754893
151.286714 198.414180
173.219724 130.845265
120.381759 131.242770
214.781514 123.741475
204.508444 174.104644
102.456104 151.531654
178.941712 118.065632
106.851104 143.543336
201.705284 166.870610
183.298300 71.306857
130.850371 159.195511
104.470335 133.710714
100.105921 142.698390
179.806308 135.900125
140.934398 150.538055
199.115180 193.107749
142.029997 173.180350
145.149266 159.052939
171.541768 169.837045
142.632243 123.929317
217.431526 98.794571
224.629160 187.718399
188.910256 120.479954
187.828461 154.597219
197.927932 99.118264
108.122540 138.112784
150.715072 178.487524
98.965322 138.583810
190.997069 183.669360
180.093268 167.925590
171.210334 182.752443
216.158417 141.314097
148.190206 86.903000
150.560552 148.533104
210.241965 191.755796
189.110522 155.188688
219.312619 169.114371
175.674270 151.742537
142.662495 154.881366
221.225140 202.915373
142.982774 143.087818
164.399111 158.375792
134.919113 140.641500
154.334231 193.462357
193.837550 128.677243
101.798584 145.443606
173.137084 133.491176
150.739037 99.688168
147.572002 148.458239
122.673741 132.227711
134.898732 167.119844
141.596574 169.978623
162.543292 144.999747
113.412267 138.850158
149.883035 167.052894
197.428537 179.230819
224.555669 183.981425
175.559854 106.775790
174.274627 140.115331
143.104604 102.742080
146.894601 168.086836
210.682513 162.030892
169.660884 181.886315
169.887103 76.242873
183.116163 119.710085
177.407210 148.734969
152.932371 170.092326
174.172380 138.082169
225.279807 176.595178
174.369664 112.772632
143.987232 169.431370
159.101137 81.226206
191.106328 131.977196
186.576021 109.788760
132.135405 138.084569
132.074852 139.846978
181.015623 106.549640
169.948057 163.568097
106.224303 142.896760
186.671627 181.994532
154.944751 195.627563
170.877292 122.091475
193.309629 102.524071
160.606120 131.953059
201.071549 187.400643
214.742538 176.004343
186.379822 109.268564
219.491634 186.906349
206.936784 158.118609
89.553626 158.394190
178.339475 104.060696
200.110840 111.755681
95.612592 162.397455
142.482697 163.828436
144.230831 181.130662
246.860005 189.962742
140.241015 143.682684
129.612442 160.048187
124.619080 189.746767
94.258341 146.742125
176.926995 180.142880
208.113772 181.053024
178.560261 90.831779
141.153839 161.299681
92.231760 160.007920
164.786926 150.286125
196.676697 185.312891
164.430603 89.844897
119.591633 131.175507
188.816564 119.315488
217.196361 183.241584
85.186350 175.433302
125.754866 123.260322
106.649505 145.267841
139.657447 153.604602
134.721328 132.296448
199.348121 192.855548
171.721311 135.763748
183.517546 191.667988
176.769423 99.439379
214.437008 182.765898
139.823547 188.708316
196.596530 181.246128
174.987360 177.647294
186.385125 100.986161
155.003754 161.890050
188.654559 99.661231
226.627384 157.496530
133.200745 142.032734
148.821529 115.127953
182.033525 115.787137
214.329133 169.014839
140.558855 207.698235
167.464484 121.743214
170.652266 106.672618
102.700095 142.724959
147.379532 188.731235
193.058973 109.824181
167.376346 192.105709
197.027877 186.331052
168.043251 145.158932
201.241454 100.828006
193.280811 185.139912
163.470864 127.440449
109.099490 144.400331
93.302112 107.524096
189.860570 188.339047
161.105922 158.994967
166.401536 110.342033
138.606563 138.987621
121.985515 149.408705
129.340887 106.869639
139.841960 111.039643
175.958333 208.231258
155.927281 130.526507
190.194056 184.000285
142.341431 134.085657
142.026838 163.846331
85.620650 161.725661
137.729675 167.590360
157.333490 179.731188
199.300152 179.382540
140.136495 166.067809
190.317900 176.962192
154.518409 150.478325
170.732854 104.833730
124.670387 185.208662
115.026599 155.895818
186.140157 190.001195
203.726309 128.708410
165.411988 151.913891
97.534393 137.847168
108.421034 94.312939
144.845738 162.462143
182.443456 182.697406
157.906804 124.932984
206.609555 166.679402
137.499318 145.911277
168.437957 125.498220
133.580208 115.004830
188.271229 124.410060
195.519962 168.720629
163.557299 92.598840
198.631482 119.014200
101.556595 139.660182
148.578556 160.404066
163.642027 186.265735
225.851643 179.709627
197.347985 173.413159
189.931835 143.784005
176.525124 105.569845
199.485687 182.382547
144.338971 172.103879
218.532380 182.475861
147.567474 174.556781
217.242278 196.018668
178.424238 114.729776
170.041950 166.776297
112.788700 130.144780
139.316357 133.954671
108.478744 128.070421
142.382741 184.782196
193.897231 162.090598
137.072739 137.647244
188.327186 99.576966
139.295435 147.857087
182.888267 169.960041
122.941859 130.694569
231.697544 185.921628
189.127830 188.699110
189.636066 127.640673
194.592218 186.020286
143.962137 193.631854
189.308627 156.382153
101.009072 137.543910
136.763785 155.008659
159.301395 180.029488
165.160558 117.605977
181.589414 91.718544
135.936907 189.253235
131.768533 109.107155
174.975852 194.062234
170.181021 174.199671
152.388105 172.180447
177.721086 133.695482
98.617374 146.739919
137.798914 152.962274
190.295574 104.061383
134.555000 160.852379
194.166408 172.508421
99.652560 143.249392
227.705739 197.613696
188.060274 84.264867
189.994555 106.716485
225.976779 178.807975
140.894724 162.336439
183.360855 95.667897
145.577915 153.101791
131.838822 225.454689
212.539298 144.538028
206.507361 188.617601
95.240317 161.893959
164.118219 205.875871
150.155157 175.634981
182.452163 167.947793
101.568188 145.284853
137.516802 125.709530
106.049982 144.429527
182.781863 164.652218
166.788460 181.953217
115.535778 123.757161
82.851264 174.222602
229.621900 204.417205
238.612451 193.966545
115.373434 170.319658
187.510685 132.312066
115.094298 137.324371
95.749330 160.178560
201.848608 174.064471
159.347959 134.741268
137.132657 159.487803
147.935345 136.036735
91.870213 165.921792
158.020994 140.584144
138.428675 132.933890
126.104869 170.392700
163.429533 218.151626
90.461442 161.582470
123.390253 175.029579
227.397014 173.869978
185.155391 173.674323
175.290981 136.261920
211.896538 182.056962
219.110347 203.421543
92.671151 150.204575
121.110288 122.302483
191.128679 179.448510
165.013809 85.630207
233.540584 179.830080
146.006564 136.997388
139.152719 172.221680
158.422559 81.288630
179.390148 160.287051
216.805393 169.508419
129.943024 132.971086
123.343651 130.029365
172.664043 90.408592
171.769555 110.730665
193.967646 136.981875
184.221179 101.845863
183.141528 164.833795
209.803052 165.277086
84.582386 166.294050
182.309514 159.679523
170.656259 109.872573
121.882156 147.935017
163.861581 83.883418
105.310378 136.262524
201.344983 63.663502
159.917383 190.469381
137.472669 191.700313
162.050914 131.595980
178.117055 86.102158
207.404785 162.408947
173.372298 172.398223
273.442604 202.922497
123.359628 152.659355
224.863426 185.385186
230.255725 187.972352
125.734959 134.374130
138.590546 179.152539
145.812855 178.873997
191.315515 170.691091
125.601849 198.113302
178.593754 139.855595
206.970138 86.819088
197.295768 189.052506
120.303928 140.608778
193.950421 199.072783
190.151160 124.548458
214.473711 188.890814
95.686235 158.826330
167.129210 169.340268
232.693628 201.011909
216.310860 93.996061
179.092902 162.095382
125.921059 196.778726
172.799102 163.508297
205.812580 193.709718
162.681228 96.955730
180.524976 175.276097
127.118186 135.990819
83.689111 159.571932
91.104775 168.960215
211.743500 186.887368
120.035640 126.778434
189.343091 156.953030
101.889464 141.927585
178.426352 102.319249
113.514221 132.400386
206.672658 118.065834
121.686032 126.857457
202.833462 176.749087
144.378433 194.680046
109.982382 139.406374
179.822573 106.746319
157.789587 108.444050
131.183965 142.127937
197.074540 189.957165
127.845499 151.645045
179.770394 168.551305
196.290334 175.627920
171.881216 134.595805
166.696044 174.125500
148.712599 141.329019
152.241407 128.613092
138.891968 105.942180
189.762265 142.280168
211.254410 166.652351
186.979435 176.493105
135.447730 178.943924
110.491717 150.760436
202.362687 174.043333
167.955836 98.539793
155.220568 172.244831
98.575899 154.659595
177.050904 122.685963
212.529970 201.346666
129.491329 180.981648
148.314973 150.327690
228.658416 169.875721
106.421591 158.157138
189.317909 177.488547
189.729201 122.005650
246.101283 200.337468
172.237897 117.685744
220.413490 191.715614
179.129450 122.905240
116.232768 157.555865
175.617581 104.411319
144.412907 139.662013
98.086402 138.793226
157.768542 101.131279
190.286956 130.832214
121.289359 185.682230
166.170226 157.296104
235.260290 187.408805
181.713728 157.485306
179.181245 103.537839
215.013705 204.655786
189.612108 142.362774
160.934581 155.411312
183.005709 97.612379
182.573938 172.134523
137.285808 140.404455
157.654244 150.495974
125.735445 173.692474
150.649674 184.835458
82.033256 164.103353
99.849481 148.979344
87.574424 159.551713
201.776983 121.881224
192.582328 100.142692
93.181399 159.190452
121.747224 160.813332
191.680062 106.194421
200.408086 184.242575
169.345827 132.975536
100.392692 139.855578
203.596242 137.327817
139.135014 138.297452
122.265689 137.577603
177.661105 109.619365
209.763520 205.432306
196.250916 185.246950
191.806328 173.452182
176.588283 135.416580
100.850330 156.420001
146.117497 178.775156
163.637996 177.490812
132.727002 123.202702
172.837131 135.787114
229.877480 187.108740
124.656191 147.537915
165.531896 94.832830
94.540956 162.002609
198.060427 124.001941
171.844720 156.614212
226.655862 200.647622
103.087752 151.549389
147.756184 111.101904
190.851970 104.972870
174.571420 112.241339
71.519634 172.915431
221.370835 176.343351
205.222122 193.730230
192.740668 154.162414
198.284833 182.802858
102.334924 150.376991
201.164150 132.418489
171.538323 167.607352
98.667783 139.636750
219.274265 171.433351
123.363567 146.232301
175.187657 201.327293
153.433132 133.469757
167.312310 111.879688
206.358585 187.167846
192.667894 172.720807
217.728530 182.452482
73.472218 185.956383
195.533024 192.075411
184.839492 134.476403
162.150313 104.845961
145.856871 116.440965
113.820406 137.511701
204.068356 175.759231
140.514957 147.157818
138.873422 167.298268
137.938430 164.411970
128.649894 160.424806
217.801306 194.393025
173.562328 116.973672
193.871102 175.312417
172.609207 141.149893
154.444154 124.531466
182.255934 126.093910
172.901622 104.418521
193.013946 98.911145
133.899656 177.342129
174.901086 128.807407
130.954357 140.484563
84.684320 155.679561
189.370569 95.030815
184.709555 102.562554
102.927612 143.995879
191.019976 134.628397
133.741704 172.406599
151.430923 200.399283
160.815066 175.440733
175.215832 167.859877
188.571785 189.771694
177.558582 152.591003
190.676262 184.122510
95.234383 174.110746
177.105667 162.917366
183.472883 90.909218
139.526029 160.627245
105.434071 143.900542
188.636785 154.785147
212.769889 156.944838
135.186328 140.545130
109.763437 150.198600
93.978419 153.402351
166.088805 190.471101
208.886090 175.829806
140.884075 158.691905
84.506376 165.906974
200.836253 173.856697
163.588158 108.481986
152.237297 120.397315
166.469304 62.608350
134.265458 160.437668
158.836699 162.871637
134.786006 122.534134
179.050960 75.089138
188.527069 140.061024
191.006254 184.893309
97.031411 142.599095
193.403104 139.504860
183.257182 131.445168
199.214365 106.707321
167.932631 167.576680
191.698447 97.778607
124.479364 181.122394
143.704427 165.994001
89.897469 162.809757
102.899032 154.776846
81.301765 175.073882
171.312270 119.821854
181.891733 123.826666
190.387620 175.383712
228.070082 190.727911
131.814726 147.276649
172.384945 169.595779
188.178909 174.376648
161.797527 118.320219
137.406736 151.070161
115.652491 132.739847
85.177247 163.624887
135.807846 127.573026
224.820651 178.008815
195.604659 184.856689
205.861596 167.816010
149.813455 120.694720
211.089934 191.678117
100.246067 136.225174
256.104259 201.909639
166.233732 123.332329
102.856602 158.431120
135.600215 143.896883
141.165981 153.706038
171.692209 106.053889
172.557699 178.055758
180.652483 128.748758
148.633247 127.446223
153.266674 172.481580
84.333718 154.671816
212.540849 182.617059
184.852944 135.034512
113.354921 134.940753
150.481486 154.076702
172.446647 121.979550
119.347856 123.293117
150.232778 128.666273
99.331361 157.309391
214.604600 179.094335
213.565609 189.634293
103.649100 161.637085
97.318134 147.980289
164.577262 109.246972
145.765911 184.885240
165.596726 167.925747
196.819693 175.695600
184.088532 90.669997
134.876435 109.645297
221.056737 193.577701
102.063757 159.519626
134.362624 166.399524
156.154901 129.896989
206.901435 171.298727
207.425165 197.993705
222.524765 172.757870
219.243107 175.411718
184.897018 124.195292
182.450924 180.671647
184.594778 129.092035
144.562278 152.998939
88.773330 155.846903
193.224156 178.674871
229.240120 167.839166
190.331288 110.683797
192.323639 160.089434
208.249058 194.818834
231.449846 188.192542
194.235994 74.709793
155.277569 168.136615
127.417933 129.730875
203.377326 151.197863
179.033354 121.850037
146.535561 99.977059
178.086908 157.129762
137.093873 167.911534
169.047203 201.504430
109.833450 129.614969
139.606621 182.900650
184.787219 114.876849
154.043541 182.729893
134.349007 147.969393
207.734505 180.435640
215.854083 191.437381
149.386104 166.670586
146.905541 171.444481
174.674028 150.280940
158.235877 149.251480
106.158388 133.622435
193.675079 130.069651
180.715203 157.578672
160.165607 216.452172
146.971942 169.747665
224.240705 171.026070
218.362950 176.427608
174.951526 110.206127
127.488586 156.599306
151.039714 132.227979
183.921799 140.303025
102.722357 159.392033
165.468587 189.237714
189.796507 80.002810
87.445662 167.053090
187.042171 168.438287
107.793968 139.101152
136.672236 168.050990
171.849961 121.111188
182.653083 160.947266
192.572613 151.261663
179.859180 161.577148
216.619537 186.303506
189.930989 173.352369
147.037815 159.577551
223.284710 192.121617
169.245251 122.376590
181.858288 89.783285
186.810549 180.620420
139.279146 149.211734
182.532949 133.598641
159.336297 186.262046
219.116877 186.698696
128.785217 148.421048
213.752250 182.356387
206.901215 132.890868
167.482033 136.312053
85.963843 169.598742
188.917742 172.023473
186.275160 98.952722
95.679172 164.139505
173.209356 162.092732
170.095071 156.955766
173.800445 97.535874
186.136027 85.170244
176.199012 182.805210
117.529391 131.590145
160.363035 168.777134
155.882679 112.112757
237.249959 182.590971
133.563160 202.618710
198.445824 113.929799
217.555856 157.318553
145.888445 145.020537
129.396895 189.241474
192.920903 107.661383
208.028064 178.223946
176.763084 188.833325
187.530317 134.532733
121.822214 138.781988
104.841009 142.821601
151.710075 121.394102
206.590755 175.345738
106.100222 146.749275
159.573714 210.849126
221.873547 181.129001
211.163964 186.844596
185.443681 185.595654
99.458231 167.159306
222.984824 187.186951
137.971856 187.142009
139.512211 153.314823
169.542874 164.281012
115.294419 96.968231
168.432858 78.545319
165.437731 207.139550
204.372920 174.080346
199.419890 159.509507
138.616550 145.428737
159.408062 71.043663
219.951301 172.647414
167.447789 125.942168
148.548213 143.901145
168.248705 89.393011
162.412247 85.880654
164.962313 188.411400
199.237473 167.954358
147.278427 155.192277
86.730980 170.654097
185.875726 181.466489
164.990404 166.133583
107.033402 138.547500
162.976659 120.161347
181.054500 147.892617
113.197385 164.671044
191.493422 137.173095
119.997419 123.280329
81.555153 161.150806
145.172495 162.834174
132.154878 150.542575
176.781638 119.633260
188.427509 172.149779
199.196174 173.260898
145.810284 115.080840
184.391356 187.151154
209.982533 141.462737
159.432302 162.370677
176.699539 135.801215
179.253279 158.150572
155.832934 66.213687
207.494204 177.680178
161.770970 139.823756
182.447039 154.483665
186.383879 112.711506
173.628391 106.011596
98.377393 148.732083
202.540499 185.124211
222.213733 159.171731
187.934045 105.584977
187.387530 94.292194
231.276757 176.728011
134.358931 138.087048
106.141408 142.375541
162.190664 120.667541
172.697796 185.662059
177.916001 175.179001
142.538446 171.542889
197.409745 167.452313
94.617418 139.047376
201.497567 147.097044
211.643378 174.045349
207.822674 178.089092
89.958947 166.453466
193.303459 100.562216
183.614701 124.628449
145.625944 199.779809
198.887845 118.398784
202.697698 167.881433
173.919998 93.921826
146.743362 125.942939
211.979848 160.955043
126.301209 123.858313
172.686542 96.052513
150.628518 177.367119
209.301493 199.783464
94.547323 145.755990
212.115526 181.068274
220.258450 186.984038
201.756194 188.286882
183.207715 175.847299
128.679662 139.049512
200.094881 185.264610
208.273957 117.538343
132.678181 190.971389
196.453824 181.247056
132.873585 126.268476
161.480385 164.203154
176.207650 187.888903
177.813648 113.167035
191.847227 137.376549
179.544479 111.159342
163.650259 120.735387
145.568589 127.074516
144.731774 149.578537
183.939901 172.051278
144.241268 166.951969
84.855329 163.384999
176.379541 200.822350
167.032027 98.061458
136.342720 154.152243
163.715157 148.221928
172.132234 140.297700
223.044765 181.127046
139.762274 137.608559
150.675964 142.182937
175.450658 99.134273
162.585950 84.503574
190.631929 186.449002
177.646722 115.257754
185.814471 112.802779
244.023551 201.687097
174.060715 144.176958
196.180521 155.234242
98.997687 150.326166
208.457604 188.299057
149.960102 145.737716
131.884153 211.830247
184.757222 137.008770
177.731586 103.066906
178.225300 133.100739
120.790513 136.695380
140.283021 178.819988
118.405742 154.740137
177.455137 188.075087
238.768176 166.030182
158.052956 180.516938
146.189203 162.560520
211.054253 178.346819
169.075956 137.947365
147.756256 156.710184
151.581522 168.026072
182.248865 149.548213
154.162598 159.183163
98.820281 150.938836
196.444925 187.673280
157.695560 86.792620
173.755228 180.945201
170.458742 132.813671
219.357141 185.078629
179.551881 120.833156
213.345641 195.825254
179.841741 65.050426
154.285395 162.212696
122.580104 166.812683
88.129446 162.917698
143.321480 194.855748
170.838661 132.537481
200.208418 116.020006
183.633156 117.890306
103.022268 140.769017
164.449196 119.453550
128.688932 134.756005
116.978522 121.520425
110.125005 140.654292
119.291085 124.673492
109.931945 124.782809
174.292244 141.870867
171.541647 97.300534
185.287948 116.245182
177.177833 104.242203
194.937587 86.782074
191.203730 190.548914
121.103160 133.506564
199.002509 116.050007
210.932420 189.010489
102.537837 140.910956
200.061531 172.154993
134.432465 140.651762
212.650951 171.428467
80.307964 171.352329
184.965851 164.548997
186.995129 119.784386
149.177655 156.483655
110.319430 137.380438
176.333246 174.612723
167.922009 141.058653
179.988705 161.737181
129.885387 201.966486
220.503744 199.478364
146.806659 161.377048
172.595071 113.756088
181.873162 136.330718
153.728223 160.293790
160.555840 149.271476
111.572204 138.444556
205.924486 192.933474
153.628755 168.201186
201.988217 192.816479
157.797597 123.055140
155.471186 117.398064
196.603948 179.445725
146.980517 146.653547
120.475361 182.468615
192.683085 172.628030
128.339341 184.050766
138.314619 120.691281
164.983384 170.813977
169.035048 137.737355
211.176392 197.958998
154.284768 118.785952
202.933580 182.063057
263.153580 207.101855
225.223571 194.094678
111.734346 150.447397
133.270964 136.026364
211.436642 148.712063
183.343811 174.903254
142.477915 165.274871
104.028403 154.163262
228.595583 168.320655
167.939138 170.373191
178.842835 115.012451
191.585121 124.100671
99.447175 159.465274
199.831551 59.814510
196.225916 124.180820
129.791783 153.916628
163.541887 116.734622
146.687104 178.346734
182.514253 124.531588
199.201125 166.241389
105.344395 159.992368
176.526067 91.326672
185.989902 174.070508
132.764963 170.317601
106.920197 139.105253
198.015123 98.494942
159.272750 119.573349
104.051955 141.639176
167.289712 107.241632
176.561703 160.429446
176.786299 170.570861
157.161898 181.490040
221.909513 189.439042
116.459725 136.924816
90.883973 143.739480
193.885667 170.566495
124.167354 131.472457
95.127798 150.800724
212.507295 155.264617
156.780794 171.604622
180.502562 143.278094
155.433616 169.020678
153.956364 177.649581
144.957797 183.067223
134.643364 146.094404
156.028148 101.410528
193.484700 177.974658
205.750361 187.445119
137.165605 132.193884
142.032882 159.694657
116.578473 122.828359
140.799783 162.651231
95.230168 163.496070
142.166944 174.666120
148.878354 159.492480
138.858627 176.099441
140.217937 178.839155
156.293511 155.330809
180.818335 110.109852
140.319637 162.375527
166.598767 109.358362
190.578878 187.970909
124.832616 150.208312
78.596048 165.152163
184.126431 165.955974
202.727537 181.546999
144.495391 200.402955
142.597361 152.459667
99.115517 142.571265
168.654701 182.672903
154.841588 183.050772
155.973629 187.242352
177.073889 107.948367
108.303067 130.076305
126.749702 127.943565
220.761925 206.585692
183.481331 99.585102
103.819266 145.736561
137.782958 127.155315
192.354603 168.831856
215.317188 182.625351
126.346324 171.203726
86.252413 170.752049
177.852766 117.504414
145.698379 152.642774
121.040193 132.357206
164.785642 95.632723
160.247752 97.762757
213.064632 117.203754
201.791236 188.603895
196.232440 133.637720
172.152887 113.283353
160.389142 120.785238
127.382466 144.363972
190.826854 199.064563
225.804693 189.660500
125.865842 149.625745
167.144650 56.662556
142.927924 162.879301
218.148682 185.076281
212.170373 81.038018
110.754045 136.872033
197.227022 184.140265
216.429555 171.916898
152.309916 178.454732
168.914299 173.524553
188.896699 124.736935
241.708961 197.649851
90.292616 166.904147
193.506974 133.766011
128.605271 174.620372
227.969370 194.057818
137.524444 183.176503
157.001579 131.174671
99.877493 143.869845
171.996430 158.019244
95.560201 161.304357
174.983551 121.927609
191.893639 108.418559
146.370433 170.529302
115.497427 124.713904
138.675291 158.126815
132.514642 179.053686
134.269237 121.944233
150.957826 219.872951
115.270844 144.577310
194.627922 172.585061
179.752975 171.549508
157.330809 112.636003
134.300963 157.659786
198.668225 175.833277
240.045867 182.894152
179.941393 122.116261
111.732989 120.225609
145.969097 117.377199
200.801596 186.890519
226.331343 173.240063
101.259188 150.490575
195.920270 178.225068
204.367125 177.977079
155.686091 181.049128
158.439024 113.061857
173.767388 131.217645
187.076805 196.393583
207.076142 183.077414
170.928463 215.361835
154.861825 116.336699
94.589125 161.821749
147.655748 182.394129
217.781497 178.683969
99.626107 141.190671
199.382944 197.431268
151.434192 164.217241
158.124829 121.047776
100.360676 145.859000
155.425522 170.150545
93.777443 160.094380
179.570484 148.407887
208.353306 171.977619
227.192960 196.530393
88.351451 163.151150
155.277207 163.976704
143.852173 169.420905
102.048467 150.819728
153.747635 148.026597
161.564638 101.951405
101.725843 155.314275
143.975000 146.878972
88.423591 166.595483
198.905012 93.223823
103.747838 139.021121
184.821499 142.230986
164.228169 128.991099
199.761663 167.571658
194.713660 138.715847
177.985111 137.053209
176.644798 142.972335
140.058668 169.116518
145.810783 130.307407
104.875076 146.295522
147.225146 175.704514
192.370863 177.506658
109.755279 147.680895
171.155697 188.995532
100.067610 147.065590
138.729810 198.039722
137.512000 135.446501
196.636552 166.343180
173.407630 149.821280
122.867374 161.338267
124.605017 151.433930
180.313367 172.115056
148.700165 147.948575
190.953753 189.895476
164.410422 83.823718
191.549184 176.056435
211.152686 194.785517
153.731186 180.361966
102.345545 141.359217
178.543681 182.158930
153.062208 143.108424
171.572018 133.365549
178.699529 110.795584
94.333938 160.042379
154.778966 215.799483
193.151371 167.371163
187.473101 147.937693
156.847639 145.233083
135.801880 126.438245
163.039061 159.428106
202.046573 168.682900
191.840116 187.514273
178.399526 128.757882
162.388846 114.901066
147.148551 177.013225
178.465178 163.118838
153.334006 155.005409
82.777487 168.637629
128.344039 152.879493
191.506016 192.373067
79.652459 172.509071
129.065334 148.143337
212.465018 187.510229
181.662390 113.714182
187.050056 121.998289
148.533429 165.180503
128.755115 159.192943
205.964907 115.478144
221.082595 187.214673
221.711766 173.562120
131.850895 150.447976
121.900970 182.829382
87.177511 166.267790
164.046001 183.624296
180.571155 180.223621
187.427590 130.365090
142.987874 163.078320
98.966673 151.728846
202.807420 189.014771
137.738082 163.152156
176.915046 208.757114
145.582122 150.438791
195.595053 199.863627
159.408997 138.783725
229.214722 177.713040
199.793711 192.327356
178.820841 179.752712
104.877755 152.489582
163.283913 108.930354
141.808781 157.797000
124.042794 160.470845
216.647156 173.296561
132.731619 151.128676
149.377682 164.459054
143.348234 166.264449
159.878589 177.555254
88.213897 147.130751
106.175130 152.897446
138.945083 179.550703
245.393256 194.809317
130.226055 182.415876
191.169789 196.772917
211.156194 174.789346
186.400696 185.111409
186.931470 175.156374
103.495748 139.801694
130.937855 173.765150
194.540058 141.644482
171.225855 90.559473
146.829976 146.532057
189.082731 112.588145
237.289336 182.569594
182.432327 175.733431
191.447924 169.970451
207.227184 168.163561
176.423439 135.863248
126.540395 130.240762
193.870176 119.672118
246.502585 199.644591
100.125920 158.678232
183.119108 169.188465
186.026959 186.346209
141.421082 178.145087
99.342260 144.288494
142.552601 149.537586
104.211713 157.312471
220.728986 189.996133
112.927957 137.998875
142.042652 171.033041
212.356943 177.462411
121.813299 174.490292
175.706526 97.635586
95.315304 161.673832
173.614629 172.258477
138.168719 156.180740
181.118530 117.480805
222.043061 168.845361
198.068147 99.919602
184.147051 159.073128
142.841027 116.379432
116.147741 132.810593
150.438084 135.818839
108.075058 146.034438
150.844418 178.026220
142.832054 167.249049
154.702754 181.753009
172.415232 118.825969
95.213869 165.892107
132.352014 147.605372
143.612109 169.248678
192.664787 132.666705
111.554743 150.216569
216.748187 179.266928
100.880716 142.287036
175.140211 103.054439
99.346104 153.678292
106.414872 159.177455
137.301509 201.890701
147.894302 145.761470
142.714914 178.833495
170.417701 162.559004
158.028049 176.024406
128.134023 162.375622
158.676962 110.836623
156.002207 170.036736
158.236518 144.041730
133.277767 137.840008
221.196555 190.135978
179.243080 67.392888
84.811794 161.168901
170.793536 98.732946
116.053058 137.606314
103.977680 155.659610
135.256767 141.492667
213.054350 181.905478
185.073965 169.608647
171.965416 128.966814
179.073527 184.091369
196.557614 182.936667
150.975916 189.256066
141.781267 153.745163
163.254044 91.668491
196.456159 188.270504
94.222025 151.911356
239.441506 203.838741
221.985209 187.770918
142.585918 177.294618
168.994586 95.222915
94.154695 160.741199
178.232230 107.755603
228.480271 177.946602
130.348832 146.178754
124.379938 153.067685
164.188761 149.773309
111.337142 138.714893
149.166691 161.125724
173.870135 181.089977
179.539865 144.135137
99.515300 157.038668
202.640617 164.390810
100.301487 149.858876
173.306882 171.914949
224.412516 174.194319
172.884614 148.947206
137.034156 136.008124
100.024400 138.930055
177.705254 175.255185
214.436818 144.078786
199.418609 188.157387
182.118531 111.849767
138.739898 115.374201
187.560573 79.254562
133.167134 153.338607
182.259855 170.387876
240.487770 197.142139
119.490083 120.802631
144.780305 185.514147
108.059234 167.100746
142.749317 120.305030
93.807914 140.314652
111.901828 140.331747
213.360040 187.187156
150.164970 189.836909
173.152715 116.935282
227.155935 184.041849
153.693621 165.782203
156.616875 166.660119
93.807361 165.532064
101.432827 147.503037
217.874373 197.814938
224.450806 189.874933
200.367234 175.485161
171.422471 141.178958
189.113660 94.419848
180.704468 113.699266
228.426971 188.924373
156.351241 131.559861
191.194476 179.122330
170.040215 133.361464
90.876624 140.936353
202.651575 180.731440
175.427916 162.858375
211.161161 183.381041
234.317826 212.172245
169.840127 166.897553
185.971425 169.858817
159.241672 155.297712
121.567099 116.837704
191.617426 92.074000
124.397520 161.561638
143.307737 173.038972
202.832133 130.899331
192.112201 170.358517
188.418304 123.230260
99.809188 150.316799
144.490773 157.172095
167.875405 178.326401
157.292248 158.921775
143.495806 147.786891
155.900032 133.658198
123.661064 138.387885
137.272136 141.321200
114.183763 130.129993
201.638636 158.028760
207.574553 71.654727
128.769473 147.154059
159.925184 135.651532
204.298216 175.621132
141.081812 161.062822
155.067919 140.376718
89.553191 151.016933
139.947998 190.328707
161.460035 102.847210
224.237187 185.116189
152.155754 194.125603
204.515397 191.153833
100.184017 150.027828
108.483521 135.785607
155.935029 175.792516
175.620947 106.224115
172.371088 115.819692
187.143895 166.792557
139.520970 157.637284
169.677079 104.010627
182.766072 114.527992
105.428399 147.912548
101.019336 145.225678
126.572723 195.132848
151.774076 187.624368
204.546347 177.547667
134.511403 153.440737
198.816531 187.373581
105.298740 137.857209
99.119723 137.286559
90.277296 150.189330
166.976747 110.811525
157.947993 194.627403
128.523995 151.628726
174.788028 178.237504
115.466097 130.602407
176.882202 168.006036
220.891111 186.237932
191.656011 189.875458
208.016571 174.596559
222.385877 184.888076
170.862777 120.613794
183.293749 115.681794
136.542122 118.535357
174.489912 94.363320
155.275105 153.749066
164.015785 125.782812
146.211501 182.047837
101.077151 137.788350
209.241558 134.305958
126.659790 146.313813
185.943789 96.938961
155.851255 174.745514
89.466166 159.983502
175.189675 192.039279
164.876643 166.948626
172.239406 99.035520
130.664718 144.790116
178.017244 106.976740
144.639286 166.023547
154.697133 105.204943
139.452932 148.810206
152.620740 175.202337
172.647366 154.251037
138.685781 135.140659
195.505332 139.381590
179.530871 162.819776
193.250737 143.576484
138.201288 156.324821
162.477868 113.123170
94.143271 161.636500
146.964527 133.344946
167.838307 92.535795
190.122648 136.813533
202.288919 57.108502
85.658219 150.931145
230.954309 179.615387
181.776633 174.735260
167.356832 169.348895
169.045382 178.814109
139.599282 139.298842
202.295768 177.811810
131.750898 189.561468
183.995187 117.946242
137.403019 143.607381
97.444591 136.245109
115.659183 132.986922
117.433064 157.772799
186.155319 122.600226
147.825787 168.497661
209.070120 123.327970
194.964246 118.628553
199.032437 192.380015
195.560936 205.936058
245.642779 181.647274
185.852885 121.110113
155.305666 152.011313
166.586023 178.091002
127.029216 155.315505
246.156676 170.726803
175.831545 96.064147
142.734509 159.589430
158.781725 171.324565
173.912610 157.447836
153.481903 164.152404
138.160592 137.143441
215.422600 175.509846
137.083039 171.228627
186.510756 112.490205
188.313332 164.569523
137.223653 203.413521
179.314019 173.191708
202.541569 180.516574
115.186665 185.374849
179.970029 115.365631
182.911006 171.881150
210.848892 178.032498
179.878640 177.142823
120.341443 167.727956
141.836754 162.939078
109.525419 129.769015
134.905681 170.052718
90.268798 153.464579
193.852130 100.769503
192.354511 127.309244
104.126937 150.453686
155.971747 163.481548
122.364688 126.754458
226.393701 205.935322
131.811285 124.756732
163.892877 119.917870
211.593454 178.563604
143.139691 155.872568
233.639795 182.545702
137.023673 172.965286
181.274295 127.350065
118.228631 135.881274
165.690247 135.082871
142.305406 177.195119
162.623674 159.869663
193.321728 158.203253
193.601421 192.811551
177.145667 188.798970
228.817093 180.674988
168.873590 138.454714
129.976338 151.030170
135.440040 167.937298
216.472872 183.478168
190.796789 86.477518
186.932009 123.833157
168.632677 166.387848
196.896846 114.122738
183.805819 96.082143
98.861078 153.896271
131.354231 172.630452
135.839628 145.649730
91.803664 163.505231
182.793308 159.786093
173.711392 172.713919
123.670138 121.503020
163.953829 176.796507
143.999624 197.486763
183.556972 144.874607
116.053305 118.403740
170.982626 168.753928
160.811984 165.248343
138.178260 157.413993
113.784287 135.587791
163.823716 175.589518
189.442800 102.827477
134.174533 173.422035
94.266548 156.591106
147.957485 169.777087
197.931544 175.938017
128.767874 125.598608
118.306891 139.275131
126.122649 162.811167
159.920902 115.726994
191.005792 194.746056
156.496993 123.034534
186.806620 131.149845
165.896992 167.216984
142.718591 77.574380
139.878865 136.732041
108.951689 149.971217
146.737333 145.711814
170.787120 174.266449
181.293220 147.705996
99.346280 152.814312
221.919276 183.978805
113.036670 169.267512
134.099490 178.492946
189.456162 174.982520
127.486493 182.470107
230.485221 181.264282
204.150836 182.664817
188.913186 109.648570
98.180423 154.739370
217.849001 187.700972
177.146504 147.605180
228.270133 190.880058
140.338128 169.239788
99.580321 156.429242
200.380641 195.052900
95.540370 162.774733
163.798724 175.036591
117.213155 128.153193
137.921632 132.279635
130.293727 134.376000
88.920361 161.069688
187.521805 99.610920
212.124806 171.654388
215.195567 107.567242
154.212810 181.936737
170.598142 136.733781
176.771169 108.811310
129.936650 177.325220
168.901144 121.088454
115.784791 159.291275
158.568133 157.871065
221.394956 206.400267
124.395585 162.258487
209.552239 183.360422
114.873077 167.578655
207.419079 179.152119
168.251033 180.252523
96.908789 153.722862
214.011475 166.873887
183.562764 73.022430
89.028807 163.293066
105.832516 138.729097
101.648754 149.314644
159.236105 122.929023
192.032303 181.026241
175.358092 155.253245
117.821110 161.978132
156.108484 207.839693
164.522628 132.737349
127.910520 186.531377
173.900584 196.921335
80.361381 172.173636
180.640234 103.740883
209.379530 194.576456
130.930040 154.380847
232.229944 188.351411
137.331910 146.608016
87.447327 167.110597
223.084766 167.464958
157.487806 130.604605
142.271359 181.791825
161.370471 174.773530
161.333730 181.273802
138.750114 148.894234
161.826774 123.701273
209.917869 209.661236
203.072336 153.667643
125.599196 160.617967
99.887922 142.341652
95.477073 166.380723
147.134076 158.009974
198.102414 170.853285
199.104620 113.330292
134.010348 178.234538
149.264107 211.875832
142.270374 158.353492
145.504407 166.597184
210.510523 41.839119
103.774567 149.309037
148.235565 172.365837
187.714356 165.914679
127.790336 164.809264
168.619242 133.512211
199.694262 100.923358
227.103251 180.999766
177.031482 182.140544
170.820706 138.947922
209.401383 189.518352
220.752012 166.510525
85.825503 172.614318
205.611269 161.596947
141.798663 169.264288
165.320968 84.191477
184.705617 181.608027
132.762903 164.436982
199.067623 128.752566
101.884717 153.933333
179.051663 108.259285
157.865638 161.062045
179.008310 189.586425
190.574806 161.859371
148.347214 215.291374
176.141424 120.963485
127.397085 144.403187
174.704159 200.579396
179.340698 130.981240
182.548971 122.435689
186.955136 103.771614
189.294913 179.636193
143.153193 130.736513
197.601279 172.892839
88.316279 174.980891
141.119417 172.734108
200.361219 192.105130
182.168535 96.051652
177.969268 145.959335
181.099040 124.139300
198.775114 133.758672
188.832370 188.123683
145.660743 177.361375
123.170841 151.034921
235.236196 184.382074
124.424204 136.788234
183.829116 160.610734
139.806995 149.092945
98.407058 154.932732
165.852684 145.426063
150.645753 177.783712
154.265186 215.942524
102.979008 142.775329
156.406042 183.685330
184.522491 140.693078
172.459692 101.673740
148.792633 148.352964
118.632468 137.753532
196.922791 101.961065
181.932090 102.200219
184.638599 180.354902
211.700216 188.621640
123.483203 135.106883
207.325213 178.678688
205.256743 177.151860
148.638176 167.232825
194.010118 158.372480
193.320295 175.576117
110.205092 131.918233
227.205052 196.666963
176.158488 141.751934
107.496845 147.070465
179.864922 175.819110
237.227989 186.554231
94.141749 156.934941
100.533418 156.100251
138.461672 147.938647
142.094086 148.496537
216.293656 181.955541
113.155562 142.205611
150.717824 197.087990
198.134060 175.508136
152.363959 163.602079
156.320558 159.740471
206.205613 188.165723
108.598541 150.648029
188.270563 124.270344
188.968437 177.490611
146.333242 150.990485
97.757492 158.671095
221.305291 194.014106
186.676416 174.890860
187.448361 118.689309
183.472106 139.617372
89.721012 154.307837
105.513460 149.067248
171.972704 137.400472
178.573670 188.310362
199.807806 129.861330
184.013104 114.762042
151.940928 163.805953
187.050417 136.138350
203.888712 171.714306
184.605511 110.185889
185.908111 134.838017
192.501498 162.550728
169.028238 195.758226
88.706220 157.794086
182.697080 113.352473
205.992609 99.785155
158.742408 198.892851
198.636356 195.635905
186.018313 154.020069
206.106511 116.754224
149.446917 125.351135
104.954376 155.168379
206.552538 176.767040
102.751887 136.604826
180.418501 134.429108
148.001696 167.107042
100.160512 149.242377
137.816250 155.702510
193.697158 129.604070
198.099768 185.752318
188.359491 182.548153
125.708884 140.546645
199.727076 102.129432
152.009313 103.742112
224.212319 179.227514
201.939043 180.690950
108.575980 171.661088
169.572059 122.695234
179.395334 160.691808
143.833191 167.107699
120.351159 163.485272
164.449887 139.833997
185.523570 146.717721
187.907001 136.236112
185.762377 169.068597
174.058824 115.460720
122.404682 156.702046
167.368499 121.531717
144.639994 159.845177
209.559612 181.062228
106.245823 125.102199
170.760141 135.912896
171.616864 167.432999
102.199903 145.330216
185.204531 80.647577
122.745415 114.821399
95.622744 153.087341
162.691904 172.518932
170.634668 151.821026
153.342295 173.539892
152.533736 130.165486
144.202464 191.219013
105.734807 128.897267
207.548760 173.555691
176.640307 120.337568
100.665073 156.321731
136.336330 173.827814
184.019864 170.467399
184.467879 132.815242
103.850824 142.340687
178.881969 173.679863
147.382697 203.516882
169.691801 186.570367
237.266760 192.262198
143.989501 167.506976
213.997812 201.702286
218.647746 189.354637
234.946880 180.066099
130.902108 156.816295
94.932683 136.078032
192.252106 168.536000
160.827206 143.006040
207.724404 188.191876
183.033654 119.557427
124.742733 124.757052
219.026597 176.658402
89.437249 152.257757
163.595736 167.227790
144.416416 167.914533
145.993501 172.861463
165.685784 118.394482
91.709740 160.563128
195.110629 115.968737
184.593302 183.291724
138.343001 124.150223
199.950150 123.482376
219.225063 182.491003
186.929642 86.474211
125.747958 113.083340
121.675886 113.430055
149.213452 89.960596
193.413813 184.895179
175.697089 172.580368
123.404379 109.311857
186.307497 97.009553
160.852993 116.948821
177.887715 168.671722
150.063380 169.904485
181.955285 185.513603
205.045695 118.404310
202.776795 173.093330
134.292989 161.415874
99.881026 144.185747
171.634967 109.732938
126.183708 181.005038
180.566734 102.790408
140.134279 154.109894
126.036368 144.798386
187.958185 111.775202
112.578934 170.185087
173.040899 103.689401
185.684987 113.383454
141.911614 175.625992
194.811793 130.746941
215.364159 208.781578
189.902271 84.425634
206.976143 193.671454
183.628007 165.521728
210.151080 194.781336
188.797660 134.455238
182.662791 187.554280
189.829358 127.461836
196.717665 98.191728
103.922723 150.316750
205.492360 181.256703
77.346546 167.459607
193.908782 149.936126
152.784203 125.130133
159.079352 119.621362
176.342860 123.478926
146.331856 161.524409
151.851031 190.097847
142.997064 163.469523
182.275626 169.724532
184.369740 155.745486
159.035845 116.918726
140.083362 163.447423
164.912186 171.355536
148.819221 145.996479
138.542227 188.552132
146.193436 157.025636
220.644356 200.409010
192.581233 187.455814
170.443388 98.938536
159.542789 172.084026
111.084522 150.802856
213.064786 190.884782
182.363149 163.125454
103.715939 143.478275
179.863944 171.233989
157.856125 162.613862
97.015479 168.476740
247.370799 194.916732
168.283582 181.021076
195.131224 197.865214
150.897223 185.496964
181.754683 192.269173
101.687734 156.970938
189.859594 95.632618
178.276102 122.271520
216.178462 164.384738
174.265212 151.907206
221.669956 189.588577
172.978942 161.720745
161.924625 116.049361
138.953515 140.931370
146.420683 182.655303
